9.440608762859236114e-01
1.036708276363025982e+00
1.138447823945292869e+00
1.250171796054927897e+00
1.372860035196755257e+00
1.507588542781065355e+00
1.655538915880088613e+00
1.818008710080415646e+00
1.996422819315744723e+00
2.192345972483447092e+00
2.407496456442896005e+00
2.643761185749099685e+00
2.903212251286348078e+00
3.188125092936834548e+00
3.500998455662343467e+00
3.844576304017993440e+00
4.221871887292884651e+00
4.636194166333955202e+00
5.091176833821788428e+00
5.590810182512222504e+00
6.139476100934913916e+00
6.741986503468377023e+00
7.403625531831290019e+00
8.130195898105931462e+00
8.928069775731707125e+00
9.804244684793378184e+00
1.076640486172962774e+01
1.182298865168706747e+01
1.298326251456467872e+01
1.425740229379711188e+01
1.565658246062097092e+01
1.719307411651496409e+01
1.888035261331562964e+01
2.073321573485954161e+01
2.276791347662956966e+01
2.500229056159976082e+01
2.745594294217245945e+01
3.015038966076217974e+01
3.310926157627957167e+01
3.635850861168575676e+01
3.992662734022144377e+01
4.384491090628942089e+01
4.814772347284857545e+01
5.287280160228021941e+01
5.806158521389988891e+01
6.375958102068063482e+01
7.001676163260373187e+01
7.688800382685634816e+01
8.443356982859701532e+01
9.271963582322128161e+01
1.018188723352907772e+02
1.118110815641689584e+02
1.227838972659307046e+02
1.348335533196545839e+02
1.480657277185859186e+02
1.625964693881480230e+02
1.785532159591875256e+02
1.960759114225402868e+02
2.153182334669767783e+02
2.364489412645404798e+02
2.596533555236359234e+02
2.851349837902376976e+02
3.131173052514562301e+02
3.438457306945520031e+02
3.775897548106553359e+02
4.146453197193349069e+02
4.553374104426243889e+02
5.000229050913541187e+02
5.490937047605090129e+02
6.029801705834587437e+02
6.621548980887274638e+02
7.271368619612136399e+02
7.984959675582624641e+02
8.768580490983486015e+02
9.629103583575220000e+02
1.057407592010614962e+03
1.161178510478274120e+03
1.275133206328451934e+03
1.400271085977782604e+03
1.537689634694011374e+03
1.688594041770363219e+03
1.854307770286668529e+03
2.036284164156205406e+03
2.236119194254530612e+03
2.455565455416446639e+03
2.696547537057732370e+03
2.961178902225172351e+03
3.251780423107643855e+03
3.570900735568617620e+03
3.921338591213473137e+03
4.306167403024021951e+03
4.728762199830446662e+03
5.192829226017091969e+03
5.702438446057652072e+03
6.262059238951245788e+03
6.876599595607146512e+03
7.551449162947232253e+03
8.292526512232041568e+03
9.106331046163451902e+03
1.000000000000000000e+04
