0.000000000000000000e+00
0.000000000000000000e+00
5.063071192329136833e-11
1.106467880327658723e-10
1.781666198590933539e-10
2.536103991014621239e-10
3.364723834025503546e-10
4.274481643900012425e-10
5.264606643633177640e-10
6.343613018458374794e-10
7.512265715847916367e-10
8.779908230682019208e-10
1.014734740642055411e-09
1.162519343242782497e-09
1.321640669376362774e-09
1.493254468871472575e-09
1.677795391902790524e-09
1.876474890524768656e-09
2.089712256950381072e-09
2.318918127905996244e-09
2.564776101711766222e-09
2.828803611391675283e-09
3.111869831251559211e-09
3.415558066832063717e-09
3.740778060495538699e-09
4.089412512310758881e-09
4.462691030786174230e-09
4.862653250449136487e-09
5.290805429692266027e-09
5.749249559956930234e-09
6.239681477185570576e-09
6.764590863651997245e-09
7.326095637761278456e-09
7.926982575443177992e-09
8.569705306522130867e-09
9.257138340427710479e-09
9.992187520675908429e-09
1.077821322910904900e-08
1.161874494803546121e-08
1.251758962438206328e-08
1.347872259860290390e-08
1.450616968604317888e-08
1.560464828605314112e-08
1.677886563659851462e-08
1.803453835148784640e-08
1.937694020143170028e-08
2.081248912560474398e-08
2.234683048116988394e-08
2.398760159591664427e-08
2.574157306546535937e-08
2.761772167655954953e-08
2.962365348524631544e-08
3.176963892572047140e-08
3.406372962203831464e-08
3.651822752543726089e-08
3.914298200181293115e-08
4.195212131387207497e-08
4.495696042171784282e-08
4.817344859047717058e-08
5.161391212391692313e-08
5.529778865265124245e-08
5.923966134965143617e-08
6.346186194037832206e-08
6.798158350469966051e-08
7.282370277190810801e-08
7.800773043417891716e-08
8.356378139872637959e-08
8.951454834771760551e-08
9.589540388452558234e-08
1.027325337553084616e-07
1.100653862267024893e-07
1.179251518649015546e-07
1.263586280065813937e-07
1.354022687091683856e-07
1.451117679772898703e-07
1.555284258389181545e-07
1.667150553238800760e-07
1.787211213500926848e-07
1.916215533470191679e-07
2.054756058344708692e-07
2.203705520425920174e-07
2.363738885458013896e-07
2.535859509123852009e-07
2.720868273185722952e-07
2.919974910002957982e-07
3.134133616452812546e-07
3.364745916677394971e-07
3.612920875719213855e-07
3.880257113647347367e-07
4.168080737588707232e-07
4.478359433459282217e-07
4.812641440622451760e-07
5.173229696975802302e-07
5.561916357772544867e-07
5.981320070746038009e-07
6.433662162008896474e-07
6.922124589507022611e-07
7.449272876707982593e-07
8.018911353909907563e-07
8.633872159526120701e-07
9.298603546793004688e-07
1.001667072645470302e-06
1.079340565356364615e-06
1.163304778212735410e-06
1.254179043576774056e-06
1.352426463561795160e-06
1.458793290377786566e-06
1.573861536854460684e-06
1.698519226416875090e-06
1.833472439782102127e-06
1.979725745165962954e-06
2.138048693442049589e-06
2.309678323214685501e-06
2.495579910788799486e-06
2.697235744628363607e-06
2.915790149941300352e-06
3.152908191240365170e-06
3.409832982191886366e-06
3.688660735056449998e-06
3.990933712398461750e-06
4.319170235222795713e-06
4.675127337299119405e-06
5.061696432369229222e-06
5.480803893864366354e-06
5.936039724541573490e-06
6.429850032228245790e-06
6.966360136633282637e-06
7.548530391195202599e-06
8.180903650460640445e-06
8.866996652136020053e-06
9.612402125459181272e-06
1.042126589896643858e-05
1.130035217788866028e-05
1.225423760938565820e-05
1.329066388608445442e-05
1.441536398814512247e-05
1.563737212735858694e-05
1.696358779125922169e-05
1.840434005112550470e-05
1.996767921506999112e-05
2.166749193852549654e-05
2.351290423667346099e-05
2.551879483605883306e-05
2.769649155048359220e-05
3.006219258247480635e-05
3.262865828864058490e-05
3.541816702290542654e-05
3.844444630367955320e-05
4.173043303951313126e-05
4.529333314656737512e-05
4.915835823682606704e-05
5.334421825178452720e-05
5.788628203540954742e-05
6.280547909854148497e-05
6.813378714968550002e-05
7.389435179894787730e-05
8.012854229515474795e-05
8.686165979619818022e-05
9.414180799655580379e-05
1.019970336311378385e-04
1.104813592970718867e-04
1.196141144912465720e-04
1.294487926723505262e-04
1.400296606889206300e-04
1.514239425185214308e-04
1.636543432666621133e-04
1.767821706611098667e-04
1.908516928932416632e-04
2.059257789944906084e-04
2.220456231079736718e-04
2.392812665047097274e-04
2.576961721600137508e-04
2.773511784982849002e-04
2.982646994906822439e-04
3.204907282094426055e-04
3.441294341925391119e-04
3.692858857191636066e-04
3.959641540650166093e-04
4.241884703423166739e-04
4.539848919378440539e-04
4.855241319573478081e-04
5.188663608915060127e-04
5.540285067307384537e-04
5.909894510167578927e-04
6.298117900082614773e-04
6.706426490998288392e-04
7.134567132967218261e-04
7.583866954334071491e-04
8.052652409307655681e-04
8.542287275120965260e-04
9.053758307249536001e-04
9.586680311210469055e-04
1.014088241011587435e-03
1.071660308068609572e-03
1.131260217240927539e-03
1.193076154440609769e-03
1.257057430934571240e-03
1.323107227895065682e-03
1.391167739454347808e-03
1.461156181827575045e-03
1.532953564393161857e-03
1.606820687749640347e-03
1.682504863879487724e-03
1.759946726953907307e-03
1.838976501677235757e-03
1.919444790522541059e-03
2.001075121736284844e-03
2.084135527140357821e-03
2.168530312569721518e-03
2.254067506855773721e-03
2.340634697887286446e-03
2.427867417303395184e-03
2.515348993468325984e-03
2.602957475174839507e-03
2.691280817809403418e-03
2.779942939865299393e-03
2.869094509477428979e-03
2.958012890570506544e-03
3.046560987507762868e-03
3.133992052679133566e-03
3.220440187723012677e-03
3.306140358884054799e-03
3.391881006668050029e-03
3.476739624546340383e-03
3.560775634710333301e-03
3.643143551967147932e-03
3.723889059983006601e-03
3.802268031877794382e-03
3.878781334187263782e-03
3.953577031257892761e-03
4.027557036942631431e-03
4.099733215153762364e-03
4.170398878425954879e-03
4.238764037414359705e-03
4.305092882900878222e-03
4.368499266358747204e-03
4.429218210056810011e-03
4.486790850282250907e-03
4.543111119662416979e-03
4.597545849053862564e-03
4.650611568603515641e-03
4.701406037507528321e-03
4.750417000911214514e-03
4.796726646599047163e-03
4.840860354350921650e-03
4.881905399710956793e-03
4.920380340258175174e-03
4.955888873255113493e-03
4.990604480132966418e-03
5.023518115652796621e-03
5.055543111823217368e-03
5.085542187727952294e-03
5.114465030478345005e-03
5.141158393647152908e-03
5.166565456623610150e-03
5.189554578563830393e-03
5.211041176140055256e-03
5.229908007698263160e-03
5.247443797519337969e-03
5.263416409260689502e-03
5.279256377160887991e-03
5.293824125877188806e-03
5.308097482273925992e-03
5.321029454109954190e-03
5.333587130609476236e-03
5.344733484409636484e-03
5.355445034640394196e-03
5.364660292510893373e-03
5.373375877512046213e-03
5.380524596205590350e-03
5.387094564754404957e-03
5.392230109380624810e-03
5.397539463855746157e-03
5.402048939085679451e-03
5.406820925548184650e-03
5.410760865031278948e-03
5.414955201744860343e-03
5.418305788472987418e-03
5.421878404499545605e-03
5.424606738216358054e-03
5.427534197967847328e-03
5.429590556164464073e-03
5.431845116018306323e-03
5.433204562765666171e-03
5.434750892636875351e-03
5.435393866526142675e-03
5.435940656689461706e-03
5.435190401842512724e-03
5.435232146397349882e-03
5.434419538003535180e-03
5.434339453389964297e-03
5.433398889136622709e-03
5.433189825367172772e-03
5.432130326370576689e-03
5.431788451589367357e-03
5.430610079622721388e-03
5.430151308718254334e-03
5.428840723358709618e-03
5.428266111981950789e-03
5.426835531120021740e-03
5.426134664018306478e-03
5.424589955350700085e-03
5.423762644870993785e-03
5.422099850318840182e-03
5.421158477200664107e-03
5.419366154187553464e-03
5.418310972661127822e-03
5.416402598249398653e-03
5.415219721570279851e-03
5.413197778771368374e-03
5.411890851610354214e-03
5.409748298959639844e-03
5.408326548374995345e-03
5.406053128253725422e-03
5.404515887335612466e-03
5.402126896418761419e-03
5.400457174297666578e-03
5.397952018053720977e-03
5.396157602146377415e-03
5.393526176362810690e-03
5.391613258415399283e-03
5.388849172799030536e-03
5.386814415420377103e-03
5.383930674499052410e-03
5.381758381101888269e-03
5.378753629956650219e-03
5.376453858219421532e-03
5.373315174727969976e-03
5.370891352043824681e-03
5.367616819748822175e-03
5.365062912738999268e-03
5.361662884462266125e-03
5.358965358757239450e-03
5.355438292651915413e-03
5.352609461104006032e-03
5.348939912457386162e-03
5.345980722691701797e-03
5.342171531044225680e-03
5.339073530024709621e-03
5.335132689305025627e-03
5.331884814940035001e-03
5.327810897622681577e-03
5.324428018209548426e-03
5.320203355017889997e-03
5.316684239384595820e-03
5.312316739928015646e-03
5.308650831116284996e-03
5.304146444618857391e-03
5.300327763163491246e-03
5.295683197914508381e-03
5.291724900861449060e-03
5.286925170486692083e-03
5.282826463928359285e-03
5.277882583414606789e-03
5.273631131405914774e-03
5.268547324448971322e-03
5.264142666005101195e-03
5.258913989495755774e-03
5.254367672078734917e-03
5.248982367762211436e-03
5.244294463549434120e-03
5.238766856398979245e-03
5.233923567640763087e-03
5.228256463426750669e-03
5.223263154440364701e-03
5.217450259895821223e-03
5.212317160825774738e-03
5.206350324824552019e-03
5.201078569465938418e-03
5.194975522203265986e-03
5.189550297905401108e-03
5.183312769042680915e-03
5.177745420808693537e-03
5.171366005202661376e-03
5.165665667657639085e-03
5.159142347182855623e-03
5.153309101153355672e-03
5.146658557700292333e-03
5.140681382483998710e-03
5.133906737412934247e-03
5.127800769290270441e-03
5.120893630129153343e-03
5.114667007202968949e-03
5.107631562474842374e-03
5.101283379471728205e-03
5.094135296202548235e-03
5.087658347181180617e-03
5.080402130012180197e-03
5.073815298467738120e-03
5.066441531287739150e-03
5.059751885366688302e-03
5.052270845853456052e-03
5.045476381349969092e-03
5.037902566241030979e-03
5.030999998792585505e-03
5.023338806623646804e-03
5.016349946141588495e-03
5.008591268249456240e-03
5.001522117842419415e-03
4.993681696458783688e-03
4.986528836868681612e-03
4.978619634222348350e-03
4.971385403532033349e-03
4.963411198433263782e-03
4.956115663829422507e-03
4.948069413856945493e-03
4.940719131647232712e-03
4.932619384369995967e-03
4.925209016913786181e-03
4.917066649944329577e-03
4.909603543241851907e-03
4.901420143158164225e-03
4.893922006575374996e-03
4.885692964952067542e-03
4.878166261032585056e-03
4.869912224325797200e-03
4.862349072822274437e-03
4.854078173450064593e-03
4.846490183745383665e-03
4.838201161235159212e-03
4.830602998495071160e-03
4.822293439340629914e-03
4.814690309553460064e-03
4.806381273649512967e-03
4.798763062791621022e-03
4.790459758515721103e-03
4.782841123781235611e-03
4.774538843209610688e-03
4.766930790827128561e-03
4.758630519032927553e-03
4.751034559771829917e-03
4.742753442381487938e-03
4.735160438413991285e-03
4.726902129102867993e-03
4.719327351349231550e-03
4.711083306423450440e-03
4.703533721264709609e-03
4.695307859735177274e-03
4.687780999944695520e-03
4.679586288899809793e-03
4.672073714717942493e-03
4.663912052842964472e-03
4.656429423661676177e-03
4.648288397024549941e-03
4.640838632309015471e-03
4.632724984441343938e-03
4.625301751628291790e-03
4.617224419961037801e-03
4.609820726035667067e-03
4.601779438414712806e-03
4.594410262475206660e-03
4.586390395861865941e-03
4.579055677899099980e-03
4.571066479488037314e-03
4.563756570609373529e-03
4.555803539569917154e-03
4.548515000558627300e-03
4.540594757555702424e-03
4.533339352142160862e-03
4.525439008667424441e-03
4.518216103428273137e-03
4.510346522120676702e-03
4.503144059995418079e-03
4.495308243253061734e-03
4.488127127669623746e-03
4.480319587849969191e-03
4.473169389972215040e-03
4.465379890323289275e-03
4.458260400218034408e-03
4.450502369221027293e-03
4.443400190998847074e-03
4.435675212485845793e-03
4.428596487996737559e-03
4.420898029900445329e-03
4.413851199199069451e-03
4.406173370367704595e-03
4.399158827918546455e-03
4.391516949225364799e-03
4.384522474654067858e-03
4.376918420740270356e-03
4.369955338133876821e-03
4.362382371609876269e-03
4.355447657690980807e-03
4.347906016036903049e-03
4.341022069946502519e-03
4.333527010919694181e-03
4.326675050605200031e-03
4.319230577461924056e-03
4.312426066433706906e-03
4.305025600588771074e-03
4.298276633434121308e-03
4.290926963581772995e-03
4.284233911330106136e-03
4.276949972154746836e-03
4.270309302475872384e-03
4.263097092605833138e-03
4.256528156558062395e-03
4.249381018027702586e-03
4.242891580399633239e-03
4.235822135013898697e-03
4.229412169984972381e-03
4.222434665509421613e-03
4.216105143874656486e-03
4.209225932503486353e-03
4.202997416793935286e-03
4.196210797484888587e-03
4.190090778261414128e-03
4.183413215326142742e-03
4.177400304578607511e-03
4.170844333827486428e-03
4.164943943599164027e-03
4.158514005756931697e-03
4.152744438261294323e-03
4.146436819296253976e-03
4.140805168511760975e-03
4.134637641424501221e-03
4.129139871324797456e-03
4.123121916667836680e-03
4.117766330530828536e-03
4.111899039931034630e-03
4.106700147247292071e-03
4.100980077872238769e-03
4.095942764125493768e-03
4.090386927138512339e-03
4.085502339220972896e-03
4.080114626213060709e-03
4.075390775913887743e-03
4.070165318079640472e-03
4.065608432213037998e-03
4.060537382036517352e-03
4.056141926358211580e-03
4.051230202554718940e-03
4.046972869098876442e-03
4.042204607963056397e-03
4.038072169016004506e-03
4.033409075233916272e-03
4.029366347105815815e-03
4.024754198580605263e-03
4.020729088919240690e-03
4.016087679124894123e-03
4.011953299647420985e-03
4.007131392466555496e-03
4.002703644999005411e-03
3.997433906531892844e-03
3.992396708144632829e-03
3.986298788100654279e-03
3.980145332444726299e-03
3.972582100185132435e-03
3.964511524927982582e-03
3.954498745259381852e-03
3.943307809776446481e-03
3.929356835531339597e-03
3.913251037290789783e-03
3.893221176144579920e-03
3.869660291534097671e-03
3.840604021965935647e-03
3.806229224723416907e-03
3.764411686231899055e-03
3.715198620244046512e-03
3.656480832835273982e-03
3.588388987809977126e-03
3.509172084440920474e-03
3.419454214934663974e-03
3.318288976467466747e-03
3.207240914302753390e-03
3.086551362140755629e-03
2.958891841715635511e-03
2.825636910811503769e-03
2.690240551560222834e-03
2.554584436200229083e-03
2.422064346700272038e-03
2.294297901557159486e-03
2.173803034098783019e-03
2.061358565330711178e-03
1.958372769236653432e-03
1.864597452611644734e-03
1.780609874738751106e-03
1.705443976479040268e-03
1.639057066960672437e-03
1.580281314111863910e-03
1.528776364737468012e-03
1.483353403581052663e-03
1.443683758497543712e-03
1.408631336138086798e-03
1.378005087144764133e-03
1.350799817386831581e-03
1.326913148358216431e-03
1.305531537393735163e-03
1.286635452109151064e-03
1.269534943209998934e-03
1.254316761577136535e-03
1.240369303665721538e-03
1.227862457602414649e-03
1.216256527594363574e-03
1.205757896996390802e-03
1.195901279135297640e-03
1.186917525677789065e-03
1.178377868094979131e-03
1.170549075573955626e-03
1.163021559430226295e-03
1.156083934906018077e-03
1.149349896370262334e-03
1.143110086823539810e-03
1.137006527053182649e-03
1.131330739368132743e-03
1.125731986957889154e-03
1.120516465095322284e-03
1.115335307796577573e-03
1.110498899667028069e-03
1.105669031684410400e-03
1.101150025742948530e-03
1.096617654560796008e-03
1.092373217453018264e-03
1.088092205744926877e-03
1.084084648227239163e-03
1.080024212118903346e-03
1.076219754274907944e-03
1.072353200853672518e-03
1.068726050266233544e-03
1.065028588263747591e-03
1.061560063184938422e-03
1.058008289948029817e-03
1.054679404645388367e-03
1.051258819463111310e-03
1.048049508902270050e-03
1.044745290750246714e-03
1.041641571872925585e-03
1.038437686417935423e-03
1.035428391195481303e-03
1.032309648783485186e-03
1.029382441722768082e-03
1.026340818752324554e-03
1.023480688219698901e-03
1.020505402453737113e-03
1.017703999052532770e-03
1.014782995753521185e-03
1.012032409060105399e-03
1.009155314060976088e-03
1.006446241361252415e-03
1.003607773213126015e-03
1.000928909858349574e-03
9.981212408363463427e-04
9.954676417139498700e-04
9.926811013710014689e-04
9.900469834988356085e-04
9.872749284645073245e-04
9.846530740372900180e-04
9.818921093779173648e-04
9.792743050600243634e-04
9.765190302548445479e-04
9.739031157844535609e-04
9.711457727265061270e-04
9.685277177470288630e-04
9.657649305122784815e-04
9.631392711166291559e-04
9.603692676672993291e-04
9.577305202939956656e-04
9.549500424780652105e-04
9.522985693809971801e-04
9.495015203787898110e-04
9.468348395027327601e-04
9.440208359020758064e-04
9.413350304973821386e-04
9.385037502977660109e-04
9.357962762511939274e-04
9.329459436589408305e-04
9.302185810625210327e-04
9.273454736858958384e-04
9.245975731015306258e-04
9.217036248313085003e-04
9.189289234278065054e-04
9.160150382808662740e-04
9.132210956682547615e-04
9.102868262480051870e-04
9.074729621796937635e-04
9.045167601604987406e-04
9.016839979145481075e-04
8.987096697262076826e-04
8.958566703492905044e-04
8.928668431694838578e-04
8.899962298795170007e-04
8.869911109884106876e-04
8.841068462435139113e-04
8.810868966603956727e-04
8.781914136962334742e-04
8.751624474378548544e-04
8.722552980038307622e-04
8.692202130250981876e-04
8.663062843809126541e-04
8.632664175203844884e-04
8.603503659248124382e-04
8.573082741638250910e-04
8.543930555402914993e-04
8.513547925861297784e-04
8.484417827496303207e-04
8.454118757652907042e-04
8.425070875394346202e-04
8.394869051937005593e-04
8.365953322373696505e-04
8.335891231290101658e-04
8.307140934071962322e-04
8.277283635884641463e-04
8.248720438422335946e-04
8.219111796140675819e-04
8.190806981472663686e-04
8.161464627360738664e-04
8.133466955585024524e-04
8.104445269586282169e-04
8.076785663173602359e-04
8.048146531405246792e-04
8.020853933784445264e-04
7.992641103327904808e-04
7.965789217670325370e-04
7.938016559090413935e-04
7.911648679475300535e-04
7.884376708726165877e-04
7.858517431274703209e-04
7.831799878910341173e-04
7.806482645478556243e-04
7.780354503017260833e-04
7.755643294566497495e-04
7.730117827150404484e-04
7.706049652894539836e-04
7.681184285715006964e-04
7.657772558230867103e-04
7.633608381291155176e-04
7.610886746762692131e-04
7.587445606797911133e-04
7.565463540826304883e-04
7.542753623712875966e-04
7.521536865399523633e-04
7.499607498706386014e-04
7.479156411908092529e-04
7.458033775169459418e-04
7.438376918538148119e-04
7.418065712966251521e-04
7.399234962316410345e-04
7.379735730907186018e-04
7.361743425755652758e-04
7.343093982182105151e-04
7.325923260764727980e-04
7.308130992330979462e-04
7.291804111216845016e-04
7.274856783404981845e-04
7.259386654153818404e-04
7.243278629852728480e-04
7.228659265224689342e-04
7.213408934387978812e-04
7.199613946805938445e-04
7.185214323378851789e-04
7.172254800671313841e-04
7.158676466230565541e-04
7.146547185607833629e-04
7.133778488729193958e-04
7.122456507278053213e-04
7.110498042579848103e-04
7.099948681109108806e-04
7.088780917936119081e-04
7.079005831282654234e-04
7.068584768281177761e-04
7.059563443120944488e-04
7.049873530135134046e-04
7.041563894081805585e-04
7.032591555920332050e-04
7.024965494021251844e-04
7.016681163176686229e-04
7.009726977036461696e-04
7.002077986444392096e-04
6.995765094191576123e-04
6.988734639584229247e-04
6.983017167877153585e-04
6.976581967187189858e-04
6.971422896014169450e-04
6.965545699036129615e-04
6.960930671589912093e-04
6.955559652082358643e-04
6.951455288837350786e-04
6.946574165884247809e-04
6.942930145581284809e-04
6.938510951274318595e-04
6.935296323124231447e-04
6.931298716295313661e-04
6.928495725736945592e-04
6.924872705361223525e-04
6.922449443043561263e-04
6.919189321097598449e-04
6.917095151887432160e-04
6.914169452350246194e-04
6.912382879513981294e-04
6.909751940918244578e-04
6.908255603319426834e-04
6.905881329315855617e-04
6.904646855394150655e-04
6.902522946245819241e-04
6.901504342484155981e-04
6.899605673077274749e-04
6.898791974057405301e-04
6.897081838354819161e-04
6.896458332681706244e-04
6.894911095630285470e-04
6.894452601788461426e-04
6.893064876562555359e-04
6.892735186249920312e-04
6.891488327401299949e-04
6.891285767663985363e-04
6.890146704806131414e-04
6.890059870698340928e-04
6.889015529620153792e-04
6.889022641549217034e-04
6.888072731694074979e-04
6.888147014121504159e-04
6.887279049757809258e-04
6.887427703065319940e-04
6.886611642366219409e-04
6.886825961848874050e-04
6.886060360764901297e-04
6.886321066188967653e-04
6.885607831744887559e-04
6.885897646994247438e-04
6.885227976712679108e-04
6.885559197298974764e-04
6.884907299174496597e-04
6.885273892772033298e-04
6.884647219703618178e-04
6.885030963970981263e-04
6.884432220135429208e-04
6.884825507315610760e-04
6.884246360890181353e-04
6.884661701465367165e-04
6.884082502544498121e-04
6.884516781442267261e-04
6.883950691689271623e-04
6.884385283360224851e-04
6.883834408539906682e-04
6.884269947345678401e-04
6.883725065359434271e-04
6.884172698486053536e-04
6.883618584429427797e-04
6.884077596835290122e-04
6.883532431138892098e-04
6.883982240317033496e-04
6.883446784551416984e-04
6.883895119605994281e-04
6.883357774030384162e-04
6.883814096657320638e-04
6.883265480104220442e-04
6.883727666214838796e-04
6.883186169045168827e-04
6.883634770361518954e-04
6.883099956850359524e-04
6.883547806430356363e-04
6.883006059610470529e-04
6.883460045259009747e-04
6.882908344989211759e-04
6.883363680429193873e-04
6.882817718604968557e-04
6.883258204339697244e-04
6.882717771670174376e-04
6.883159433470705966e-04
6.882608087403160359e-04
6.883053489124888033e-04
6.882494608120105556e-04
6.882939265201205858e-04
6.882385259563032287e-04
6.882814247061777840e-04
6.882264999475149261e-04
6.882697415360142668e-04
6.882133545397359133e-04
6.882570485718096133e-04
6.882001110375506048e-04
6.882431930874113521e-04
6.881866868281933053e-04
6.882283203010583928e-04
6.881720539471001749e-04
6.882140919257657540e-04
6.881561784564037233e-04
6.881986051205824396e-04
6.881403753477420993e-04
6.881818235198438466e-04
6.881239569872398985e-04
6.881641853853932411e-04
6.881061879732439188e-04
6.881467473676035080e-04
6.880870274999965159e-04
6.881278985031005551e-04
6.880680830933364779e-04
6.881075950578150651e-04
6.880480606516100597e-04
6.880865670960935798e-04
6.880265160642720472e-04
6.880652646669216995e-04
6.880034002408320871e-04
6.880423673132886548e-04
6.879806118464367251e-04
6.880178224245898791e-04
6.879562486018885167e-04
6.879926503579270264e-04
6.879301561446267508e-04
6.879666927447090690e-04
6.879024767912952486e-04
6.879389179824454015e-04
6.878747944877370950e-04
6.879092627545560718e-04
6.878452009165172271e-04
6.878790358949948402e-04
6.878136282145038641e-04
6.878474684716357271e-04
6.877805061159420483e-04
6.878138157316523744e-04
6.877468076627920451e-04
6.877780014829769362e-04
6.877109102562677274e-04
6.877416208367631437e-04
6.876727322373510061e-04
6.877032917610230141e-04
6.876329884043483635e-04
6.876625539441167225e-04
6.875920381957049531e-04
6.876193157189632249e-04
6.875485421523972601e-04
6.875754561670102552e-04
6.875024023743910679e-04
6.875289761681604864e-04
6.874546149069857845e-04
6.874796979574811532e-04
6.874049233924181589e-04
6.874277368623998765e-04
6.873522680936508100e-04
6.873745744267256231e-04
6.872965309021914588e-04
6.873182705842222594e-04
6.872389877302495422e-04
6.872586987900507248e-04
6.871787606761905337e-04
6.871962519102551865e-04
6.871150667112986728e-04
6.871317898439912144e-04
6.870477639353812999e-04
6.870636471155340281e-04
6.869784031307170488e-04
6.869916717324510988e-04
6.869054814254692840e-04
6.869165295086404740e-04
6.868284878133195824e-04
6.868384540049594401e-04
6.867472519765744016e-04
6.867560496934780202e-04
6.866635948293046358e-04
6.866691342364317522e-04
6.865753833742955581e-04
6.865786413565801204e-04
6.864823734872931536e-04
6.864841728050760303e-04
6.863846113941323226e-04
6.863845975540594632e-04
6.862834314468571791e-04
6.862796971678379251e-04
6.861768156404960458e-04
6.861706673925122924e-04
6.860645303527746191e-04
6.860564718125518021e-04
6.859468811055919116e-04
6.859362375478920016e-04
6.858245620244064235e-04
6.858097033952480865e-04
6.856958103417230312e-04
6.856783202935311759e-04
6.855603469165391043e-04
6.855404063399521365e-04
6.854187293644560140e-04
6.853953394719290758e-04
6.852710038893015249e-04
6.852428080555030129e-04
6.851156552496511171e-04
6.850845103879757815e-04
6.849523507396214394e-04
6.849181107401544231e-04
6.847818918484899989e-04
6.847432295157159215e-04
6.846036681372440896e-04
6.845597706472132020e-04
6.844164031525124328e-04
6.843688468722316067e-04
6.842197015552659370e-04
6.841682833345707300e-04
6.840145994762916737e-04
6.839576588557650955e-04
6.837998201052557495e-04
6.837371082683726909e-04
6.835743160617986387e-04
6.835070738904555762e-04
6.833376193479389358e-04
6.832656064659222523e-04
6.830909905862350218e-04
6.830122079639121355e-04
6.828324759836309522e-04
6.827472334516544250e-04
6.825612466891988394e-04
6.824704446012681445e-04
6.822767512570820404e-04
