1.000000000000000444e+00
1.000000000000000444e+00
1.384229535556140700e+00
1.526606165106556778e+00
1.630034827133470365e+00
1.714365704748250785e+00
1.785995704372646875e+00
1.849069800483374770e+00
1.905435849973865059e+00
1.956796005964732910e+00
2.003897565639841893e+00
2.047654350700371939e+00
2.088398022128320264e+00
2.126712373574826564e+00
2.162804154346348540e+00
2.197062967413485612e+00
2.229615924231309609e+00
2.260728968344249523e+00
2.290460109694908208e+00
2.319024150511355131e+00
2.346479803486686944e+00
2.372983702025694974e+00
2.398581637018932344e+00
2.423383550632237871e+00
2.447407271732701783e+00
2.470759493172594912e+00
2.493465372084588072e+00
2.515603095485166030e+00
2.537199657073454073e+00
2.558301471792914672e+00
2.578926888995954236e+00
2.599125841204703580e+00
2.618922943294066386e+00
2.638357705362909034e+00
2.657449639268040009e+00
2.676215020008403389e+00
2.694678828280057115e+00
2.712858265137715108e+00
2.730784268739885778e+00
2.748468896858299981e+00
2.765935388812694296e+00
2.783181047095643734e+00
2.800234770542963325e+00
2.817096006182663537e+00
2.833803156202080675e+00
2.850348132887572383e+00
2.866761396681488883e+00
2.883023008887974470e+00
2.899170545061346083e+00
2.915192077935264692e+00
2.931127980459989235e+00
2.946959386858569729e+00
2.962724182031070796e+00
2.978387165670862480e+00
2.993996975507204006e+00
3.009530419069321283e+00
3.025032287897935213e+00
3.040477235333227668e+00
3.055902534487170641e+00
3.071270669038840051e+00
3.086636555445972707e+00
3.101966332544566551e+00
3.117311221119203779e+00
3.132640287997875195e+00
3.147990039164465070e+00
3.163325816265583068e+00
3.178700498099419569e+00
3.194078562830487300e+00
3.209516476791098860e+00
3.224974435970938469e+00
3.240492412693836588e+00
3.256038733439958754e+00
3.271662224571968647e+00
3.287330806730276223e+00
3.303100278458773520e+00
3.318927951432584678e+00
3.334856730047786044e+00
3.350852515083933891e+00
3.366967357728308130e+00
3.383172643030055493e+00
3.399518071008452047e+00
3.415964300901968009e+00
3.432553447512129097e+00
3.449252106405982676e+00
3.466116272819265376e+00
3.483113885258753317e+00
3.500295359918254690e+00
3.517624267699560381e+00
3.535139091604543982e+00
3.552810115635856025e+00
3.570696693130634536e+00
3.588761348623120462e+00
3.607061260473644282e+00
3.625553106107060053e+00
3.644281139140410186e+00
3.663218085295512960e+00
3.682420394192648772e+00
3.701850126630310545e+00
3.721572152255919974e+00
3.741527233283608922e+00
3.761778673003579154e+00
3.782285541105176563e+00
3.803115250777996614e+00
3.824225677707147941e+00
3.845680177450733428e+00
3.867413371072620176e+00
3.889502771052150809e+00
3.911894032569184887e+00
3.934665944564943452e+00
3.957770534675477236e+00
3.981269959347691678e+00
4.005095355396730561e+00
4.029329271761188380e+00
4.053911586492606745e+00
4.078933924470508288e+00
4.104331233599642026e+00
4.130175305522262086e+00
4.156382458901616062e+00
4.183050708531346196e+00
4.210105921649000216e+00
4.237655702640757305e+00
4.265609616761155465e+00
4.294064218583740988e+00
4.322906442303979802e+00
4.352259524746687980e+00
4.382032501280455072e+00
4.412337831451728754e+00
4.443081404324086492e+00
4.474347457212767942e+00
4.506034365287793442e+00
4.538260171458147418e+00
4.570927691712952878e+00
4.604161226494425385e+00
4.637844231198264389e+00
4.672068929647188007e+00
4.706730719090685078e+00
4.741948443233122923e+00
4.777622499455723037e+00
4.813863832328463488e+00
4.850558893703667884e+00
4.887829034507051418e+00
4.925560986503153771e+00
4.963870030465058925e+00
5.002660211836091442e+00
5.042024307193782917e+00
5.081832891078201797e+00
5.122206265871946052e+00
5.163017756417609405e+00
5.204364760680747715e+00
5.246151508986462986e+00
5.288456437012364120e+00
5.331130978080525828e+00
5.374307446593238780e+00
5.417866736680142736e+00
5.461857464563026454e+00
5.506160299855483053e+00
5.550892315995151982e+00
5.595881136993784644e+00
5.641222767001114136e+00
5.686784195166615596e+00
5.732695809448047797e+00
5.778711054494879207e+00
5.824914976937040301e+00
5.871223585462739258e+00
5.917743582939980485e+00
5.964242174282389009e+00
6.010786986604037985e+00
6.057262306993238532e+00
6.103706940602142694e+00
6.149968554029671353e+00
6.196107352390786360e+00
6.242062298381213736e+00
6.287814776220463919e+00
6.333128526764368438e+00
6.377998956875313041e+00
6.422491070653961742e+00
6.466704442835880862e+00
6.510367895756956180e+00
6.553363053621764855e+00
6.595539656618590207e+00
6.637159326732746223e+00
6.678175851985363565e+00
6.718436636069018419e+00
6.757724058029188186e+00
6.796014690731777996e+00
6.833405122210000293e+00
6.869760001826363371e+00
6.905224283099685501e+00
6.939391524909936493e+00
6.972376654432689058e+00
7.004173713675472257e+00
7.034644907475355424e+00
7.063762140276096169e+00
7.091558698873979161e+00
7.117790917869209366e+00
7.142634969077979790e+00
7.165916862278364441e+00
7.187551351120065490e+00
7.207555738115141608e+00
7.225896762896825365e+00
7.242426701259066846e+00
7.257367813964117786e+00
7.270444787619586791e+00
7.281689373404514498e+00
7.291117490130273104e+00
7.298660605250955058e+00
7.304158449154025234e+00
7.307810495309062127e+00
7.309548498349914603e+00
7.309349723747655680e+00
7.307350862025352889e+00
7.303340584558854154e+00
7.297180788702900323e+00
7.288841674231045786e+00
7.278708353999149061e+00
7.266665615196622241e+00
7.253024586478412417e+00
7.237388205492750082e+00
7.219824829529864374e+00
7.200008876577411954e+00
7.178166505024462296e+00
7.154491428034564393e+00
7.129523813056805714e+00
7.102828214525247930e+00
7.074553270636767088e+00
7.044365448243989469e+00
7.012436987023401791e+00
6.978578229223059815e+00
6.943172762195565006e+00
6.906290457820699835e+00
6.868363654056013345e+00
6.829030998540278397e+00
6.788513455456582690e+00
6.746606066853904515e+00
6.703507964713905309e+00
6.658955761090479264e+00
6.613121803386584396e+00
6.565916429745298544e+00
6.518080576403524340e+00
6.469463141150775698e+00
6.420272082099382160e+00
6.370257335861391645e+00
6.319605594951245742e+00
6.268079523450292179e+00
6.215888053919487177e+00
6.162826126009051109e+00
6.109078164666922106e+00
6.054612906720963750e+00
6.000139461222421033e+00
5.945398066269756754e+00
5.890657170869415538e+00
5.835633026001819879e+00
5.780590796296663392e+00
5.725249203722965419e+00
5.669863326708918905e+00
5.614171608167730199e+00
5.558413961511362800e+00
5.502344956878948423e+00
5.446317050705029139e+00
5.390373615525859918e+00
5.334884982637555950e+00
5.279590134849266647e+00
5.224703700892997738e+00
5.170002988375420827e+00
5.115692852725607587e+00
5.061560817590227579e+00
5.007808878145958431e+00
4.954223752481146548e+00
4.901007648302388553e+00
4.847952186301807131e+00
4.795252098221425285e+00
4.742771959388529801e+00
4.690897340740296073e+00
4.639449504261238921e+00
4.588625587827163343e+00
4.538214536734778370e+00
4.488415178462100918e+00
4.439021141827275585e+00
4.390220754946799531e+00
4.341821242184262353e+00
4.294000050712878824e+00
4.246568960266501769e+00
4.199707521424676848e+00
4.153226719516119658e+00
4.107304611285254481e+00
4.061757691867962095e+00
4.016668373997758223e+00
3.971817379160134998e+00
3.927709403336574034e+00
3.883981284784237431e+00
3.840958739492330576e+00
3.798307163173119783e+00
3.756345250090490584e+00
3.714749123864220071e+00
3.673824406461567271e+00
3.633261181489219727e+00
3.593354839703343906e+00
3.553799751810637453e+00
3.514890270627444746e+00
3.476324311021712798e+00
3.438388421363873793e+00
3.400791682218097467e+00
3.363808695072590282e+00
3.327159818765846655e+00
3.291111835960106369e+00
3.255388618662039768e+00
3.220255858987562725e+00
3.185441147495725378e+00
3.151201780017855558e+00
3.117276785996567323e+00
3.083912607982849607e+00
3.050857331553769924e+00
3.018351447898557360e+00
2.986145873204192558e+00
2.954480087110945785e+00
2.923108829736674519e+00
2.892262758578703963e+00
2.861708176109933888e+00
2.831665865238348179e+00
2.801909255671379384e+00
2.772654796923685439e+00
2.743678506529009464e+00
2.715194900132810840e+00
2.686984509222649642e+00
2.659253383250737013e+00
2.631792672565442359e+00
2.604799751314398559e+00
2.578071267708462955e+00
2.551801609844462693e+00
2.525789842169845478e+00
2.500227552634691097e+00
2.474918919330124201e+00
2.450047516933485880e+00
2.425427147048631049e+00
2.401233807946666854e+00
2.377285428417156510e+00
2.353756129176615808e+00
2.330466099188564844e+00
2.307585979125172049e+00
2.284941506996265748e+00
2.262695759213736224e+00
2.240683186829657725e+00
2.219060255309119434e+00
2.197664398644352257e+00
2.176651107590312773e+00
2.155859933249584248e+00
2.135442371134539830e+00
2.115243810320668327e+00
2.095408861261017996e+00
2.075790091212488253e+00
2.056526815890104665e+00
2.037474105381771317e+00
2.018770325399474874e+00
2.000272762678524607e+00
1.982115418251504391e+00
1.964161577082331744e+00
1.946538991847780231e+00
1.929116779425532169e+00
1.912018531714352765e+00
1.895115478742036785e+00
1.878530255146609207e+00
1.862136373207637252e+00
1.846051863148249872e+00
1.830156282616716368e+00
1.814562002414829678e+00
1.799153264349992565e+00
1.784039231685581539e+00
1.769105932582790031e+00
1.754461553375032068e+00
1.739994441325393604e+00
1.725808067107382548e+00
1.711796751468041888e+00
1.698058859894862049e+00
1.684492424013818823e+00
1.671193397932181579e+00
1.658061476942456869e+00
1.645191159875836417e+00
1.632484772101369108e+00
1.620032399637011178e+00
1.607741715537642113e+00
1.595698374843579570e+00
1.583812941653459205e+00
1.572169319549524102e+00
1.560679615549383836e+00
1.549425928412396347e+00
1.538323194000176475e+00
1.527449411494050890e+00
1.516724283910043880e+00
1.506221982524342140e+00
1.495864416446514467e+00
1.485724547514874372e+00
1.475725708452398699e+00
1.465938820746221616e+00
1.456290147390016054e+00
1.446846845892145961e+00
1.437539365936061131e+00
1.428431605226873735e+00
1.419455681459238283e+00
1.410674680682437954e+00
1.402022040550251036e+00
1.393558670714295067e+00
1.385220957551832388e+00
1.377066475192672224e+00
1.369034993543936984e+00
1.361181513525160369e+00
1.353447214647929275e+00
1.345886332608666525e+00
1.338441353092688857e+00
1.331164284199384928e+00
1.324000509796649405e+00
1.316999103486907075e+00
1.310108153915669149e+00
1.303374739016985639e+00
1.296748132983121415e+00
1.290274703769901166e+00
1.283904992602258543e+00
1.277683158630554594e+00
1.271562535311709707e+00
1.265584720119449225e+00
1.259705183202925349e+00
1.253964006946016729e+00
1.248317668176105011e+00
1.242805557480491929e+00
1.237385388397457264e+00
1.232094445501600299e+00
1.226893042814058754e+00
1.221816260925014497e+00
1.216826080156474976e+00
1.211956460487346066e+00
1.207170282194377053e+00
1.202500700604263839e+00
1.197911876907709505e+00
1.193435093467377861e+00
1.189036755564067516e+00
1.184746312964570114e+00
1.180531452122493219e+00
1.176420820774388698e+00
1.172382903900544893e+00
1.168445488532932508e+00
1.164578336779783063e+00
1.160807585450615909e+00
1.157104921595735192e+00
1.153494969854315988e+00
1.149950386669257307e+00
1.146495247199547984e+00
1.143102910889074453e+00
1.139796579268177901e+00
1.136550848789496859e+00
1.133387490360353578e+00
1.130282707660457131e+00
1.127257055380852968e+00
1.124287479896717956e+00
1.121394148112218936e+00
1.118554631764715257e+00
1.115788242365965077e+00
1.113073722654485120e+00
1.110429176258386219e+00
1.107834607363002766e+00
1.105307197516367079e+00
1.102827560103923465e+00
1.100412541362438601e+00
1.098043329925782796e+00
1.095735956070206463e+00
1.093472696579103287e+00
1.091268566413276409e+00
1.089106823137564684e+00
1.087001793134244165e+00
1.084937230088662385e+00
1.082927172450086406e+00
1.080955895112480469e+00
1.079036673314001549e+00
1.077154777895619198e+00
1.075322633649656634e+00
1.073526266145966801e+00
1.071777594838300374e+00
1.070063054184364315e+00
1.068394293861571365e+00
1.066758230487099057e+00
1.065165826683762251e+00
1.063604875353411527e+00
1.062085636843017822e+00
1.060596478091306194e+00
1.059147198439342352e+00
1.057726707653896758e+00
1.056344521106479251e+00
1.054989814153721728e+00
1.053671610876958598e+00
1.052379817449931254e+00
1.051122891212206811e+00
1.049891169124922641e+00
1.048692855073845687e+00
1.047518577178799370e+00
1.046376255876195982e+00
1.045256952365731129e+00
1.044168082536191644e+00
1.043101314977711525e+00
1.042063609804902757e+00
1.041046953890258475e+00
1.040058137296852259e+00
1.039089390471302998e+00
1.038147229254110515e+00
1.037224282993578051e+00
1.036326642830853073e+00
1.035447425830563706e+00
1.034592368357395875e+00
1.033754828717221574e+00
1.032940420391987191e+00
1.032142709848516082e+00
1.031367051738741214e+00
1.030607375052460473e+00
1.029868683448349476e+00
1.029145280237717675e+00
1.028441905420201197e+00
1.027753053835849473e+00
1.027083362907324604e+00
1.026427510036995727e+00
1.025789892939930059e+00
1.025165514848148218e+00
1.024558484185665419e+00
1.023964089202927363e+00
1.023386245132617445e+00
1.022820391698460840e+00
1.022270358495817488e+00
1.021731744244825046e+00
1.021208159500681223e+00
1.020695492589751119e+00
1.020197115555598444e+00
1.019709131109497680e+00
1.019234770902183396e+00
1.018770258874033496e+00
1.018318743736431609e+00
1.017876591152909294e+00
1.017446755296647520e+00
1.017025843559586251e+00
1.016616611936460801e+00
1.016215821162811395e+00
1.015826118497399566e+00
1.015444354350961476e+00
1.015073077410274971e+00
1.014709252908827519e+00
1.014355244128539724e+00
1.014008186255327182e+00
1.013670252868923205e+00
1.013338633176223524e+00
1.013015409878290196e+00
1.012697800510697022e+00
1.012387680762866227e+00
1.012082307849854201e+00
1.011783315359236823e+00
1.011487982963448884e+00
1.011197674003885272e+00
1.010909593699677700e+00
1.010624848954332133e+00
1.010340537402610650e+00
1.010057467480194981e+00
1.009772657006307250e+00
1.009486658406068438e+00
1.009196490211901498e+00
1.008902612121238995e+00
1.008602299811095282e+00
1.008296216922832000e+00
1.007982325557631897e+00
1.007661997492975914e+00
1.007334364874527877e+00
1.007001985597053118e+00
1.006665509215268095e+00
1.006328757782886330e+00
1.005993684467006322e+00
1.005664872098002594e+00
1.005344702823885106e+00
1.005037428837161961e+00
1.004744892781215038e+00
1.004470005731594950e+00
1.004213379811011553e+00
1.003976354132039672e+00
1.003758116116195698e+00
1.003558861160442683e+00
1.003376817978380631e+00
1.003211365957801471e+00
1.003060511973716817e+00
1.002923291160503716e+00
1.002797764128741775e+00
1.002683054320679279e+00
1.002577392650635613e+00
1.002480157099533642e+00
1.002389847830027492e+00
1.002306028294344342e+00
1.002227526749581266e+00
1.002154068415153532e+00
1.002084708437458005e+00
1.002019341395450569e+00
1.001957178539172322e+00
1.001898239056890016e+00
1.001841866429845629e+00
1.001788140371721703e+00
1.001736524731051015e+00
1.001687137048775433e+00
1.001639512532199738e+00
1.001593810031678577e+00
1.001549611846244359e+00
1.001507098898736681e+00
1.001465898761460194e+00
1.001426193077515903e+00
1.001387654376738601e+00
1.001350461892013488e+00
1.001314312020920028e+00
1.001279391365685223e+00
1.001245413637699588e+00
1.001212563247535048e+00
1.001180576246139875e+00
1.001149626737870113e+00
1.001119473754521261e+00
1.001090283212887178e+00
1.001061825852322063e+00
1.001034267330013883e+00
1.001007388205241044e+00
1.000981347211549410e+00
1.000955940421348611e+00
1.000931316005290839e+00
1.000907284628243410e+00
1.000883987277451315e+00
1.000861242212173430e+00
1.000839188568086069e+00
1.000817651771908290e+00
1.000796763716208959e+00
1.000776362261765806e+00
1.000756570091667186e+00
1.000737235344466569e+00
1.000718475297139198e+00
1.000700143599153602e+00
1.000682355504091348e+00
1.000664970523494679e+00
1.000648096923860253e+00
1.000631604674491859e+00
1.000615594591207858e+00
1.000599943959127103e+00
1.000584749705645926e+00
1.000569893437923685e+00
1.000555469696225108e+00
1.000541365298951435e+00
1.000527668783128821e+00
1.000514275354180915e+00
1.000501267605342415e+00
1.000488546040431581e+00
1.000476190526393028e+00
1.000464105024422290e+00
1.000452366855949737e+00
1.000440884654388407e+00
1.000429730654440297e+00
1.000418820211371518e+00
1.000408220834954953e+00
1.000397851705647323e+00
1.000387778478823986e+00
1.000377923114029954e+00
1.000368348731307089e+00
1.000358981456356489e+00
1.000349880102846312e+00
1.000340976218569544e+00
1.000332324857493127e+00
1.000323860301018275e+00
1.000315636401649666e+00
1.000307589679592768e+00
1.000299771557309869e+00
1.000292122253306992e+00
1.000284689639638458e+00
1.000277418051132683e+00
1.000270352554433639e+00
1.000263439588403802e+00
1.000256723229100864e+00
1.000250151812986044e+00
1.000243766487596275e+00
1.000237520177015949e+00
1.000231451103379632e+00
1.000225513973606928e+00
1.000219745611060862e+00
1.000214102341139721e+00
1.000208620178026031e+00
1.000203257014872227e+00
1.000198046860445666e+00
1.000192950486169075e+00
1.000187999405775408e+00
1.000183156763846615e+00
1.000178452588092792e+00
1.000173851273409964e+00
1.000169382167865439e+00
1.000165011037573937e+00
1.000160765339937141e+00
1.000156613367007674e+00
1.000152580609789954e+00
1.000148637077822977e+00
1.000144807215872955e+00
1.000141062041273843e+00
1.000137425279835623e+00
1.000133869206300652e+00
1.000130416025432289e+00
1.000127040031990600e+00
1.000123761814050161e+00
1.000120556965599317e+00
1.000117445362529001e+00
1.000114403410782948e+00
1.000111450286382819e+00
1.000108563547590590e+00
1.000105761032723528e+00
1.000103021970385697e+00
1.000100362972441648e+00
1.000097764172018344e+00
1.000095241719472394e+00
1.000092776402404349e+00
1.000090383698391872e+00
1.000088045439991413e+00
1.000085775989078440e+00
1.000083558517745663e+00
1.000081406436845066e+00
1.000079303563928379e+00
1.000077263023120500e+00
1.000075269163206659e+00
1.000073334482490139e+00
1.000071444257359055e+00
1.000069610083880178e+00
1.000067818250454765e+00
1.000066079661345420e+00
1.000064381103173972e+00
1.000062733250001834e+00
1.000061123343713998e+00
1.000059561485258985e+00
1.000058035737188211e+00
1.000056555473135544e+00
1.000055109510740392e+00
1.000053706731114156e+00
1.000052336336397563e+00
1.000051007019083560e+00
1.000049708375667867e+00
1.000048448588181316e+00
1.000047217964671109e+00
1.000046024100186948e+00
1.000044857865739267e+00
1.000043726512646725e+00
1.000042621211896687e+00
1.000041549056629453e+00
1.000040501557094119e+00
1.000039485352809843e+00
1.000038492571935889e+00
1.000037529388076107e+00
1.000036588340429855e+00
1.000035675367984433e+00
1.000034783254830861e+00
1.000033917774391101e+00
1.000033072024870018e+00
1.000032251404689099e+00
1.000031449509542369e+00
1.000030671376614499e+00
1.000029910901873098e+00
1.000029172966304669e+00
1.000028451666425511e+00
1.000027751718847391e+00
1.000027067505792733e+00
1.000026403433850186e+00
1.000025754285734036e+00
1.000025124187641445e+00
1.000024508140251234e+00
1.000023910168820418e+00
1.000023325438605060e+00
1.000022757805479223e+00
1.000022202714708763e+00
1.000021663766715641e+00
1.000021136699874580e+00
1.000020624912159040e+00
1.000020124302747337e+00
1.000019638201304240e+00
1.000019162644044890e+00
1.000018700812814965e+00
1.000018248970815149e+00
1.000017810093622561e+00
1.000017380683168922e+00
1.000016963558283845e+00
1.000016555347263303e+00
1.000016158810895561e+00
1.000015770695612760e+00
1.000015393625851567e+00
1.000015024547499243e+00
1.000014665917082990e+00
1.000014314859998477e+00
1.000013973718467897e+00
1.000013639717153069e+00
1.000013315148679860e+00
1.000012997339008614e+00
1.000012688456423104e+00
1.000012386001142062e+00
1.000012092003944364e+00
1.000011804099710799e+00
1.000011524236137150e+00
1.000011250127161189e+00
1.000010983674517240e+00
1.000010722681004660e+00
1.000010468938280939e+00
1.000010220397356209e+00
1.000009978737880223e+00
1.000009742011513714e+00
1.000009511837974818e+00
1.000009286333640723e+00
1.000009067070845914e+00
1.000008852247111113e+00
1.000008643341246728e+00
1.000008438671530220e+00
1.000008239626984041e+00
1.000008044600701584e+00
1.000007854939099605e+00
1.000007669088259332e+00
1.000007488347904205e+00
1.000007311237461005e+00
1.000007138977126342e+00
1.000006970185024713e+00
1.000006806009242188e+00
1.000006645123080684e+00
1.000006488645069691e+00
1.000006335291940163e+00
1.000006186137566644e+00
1.000006039964520532e+00
1.000005897779800978e+00
1.000005758444671988e+00
1.000005622909673653e+00
1.000005490077795489e+00
1.000005360877656901e+00
1.000005234248631414e+00
1.000005111077526099e+00
1.000004990362514778e+00
1.000004872935000844e+00
1.000004757853547144e+00
1.000004645907107692e+00
1.000004536187232063e+00
1.000004429464468991e+00
1.000004324861701210e+00
1.000004223110933621e+00
1.000004123387335131e+00
1.000004026377029342e+00
1.000003931301353788e+00
1.000003838814738977e+00
1.000003748164671302e+00
1.000003659990525318e+00
1.000003573566335957e+00
1.000003489496456233e+00
1.000003407101398345e+00
1.000003326947229043e+00
1.000003248389751631e+00
1.000003171971842741e+00
1.000003097070351288e+00
1.000003024213943936e+00
1.000002952803589418e+00
1.000002883337179682e+00
1.000002815255164546e+00
1.000002749024477611e+00
1.000002684112095919e+00
1.000002620968208022e+00
1.000002559077149522e+00
1.000002498875059098e+00
1.000002439868455273e+00
1.000002382467329642e+00
1.000002326210751358e+00
1.000002271483848348e+00
1.000002217845562758e+00
1.000002165668881560e+00
1.000002114527755115e+00
1.000002064781579270e+00
1.000002016023817886e+00
1.000001968592064028e+00
1.000001922106620755e+00
1.000001876885131091e+00
1.000001832562630533e+00
1.000001789448645928e+00
1.000001747190031542e+00
1.000001706083578634e+00
1.000001665794374883e+00
1.000001626600664384e+00
1.000001588188832224e+00
1.000001550821689289e+00
1.000001514196957153e+00
1.000001478571277191e+00
1.000001443652404065e+00
1.000001409685158382e+00
1.000001376393638619e+00
1.000001344007328985e+00
1.000001312266719511e+00
1.000001281389730323e+00
1.000001251125845592e+00
1.000001221687853326e+00
1.000001192833908314e+00
1.000001164765958350e+00
1.000001137256720130e+00
1.000001110495458923e+00
1.000001084267438722e+00
1.000001058753351657e+00
1.000001033745585355e+00
1.000001009420563136e+00
1.000000985578151314e+00
1.000000962384929082e+00
1.000000939653668652e+00
1.000000917540462053e+00
1.000000895867624973e+00
1.000000874784977345e+00
1.000000854120633109e+00
1.000000834020360774e+00
1.000000814319047526e+00
1.000000795153928923e+00
1.000000776370776778e+00
1.000000758098321896e+00
1.000000740189541215e+00
1.000000722768652706e+00
1.000000705693419256e+00
1.000000689084078020e+00
1.000000672804612023e+00
1.000000656968011103e+00
1.000000641447235772e+00
1.000000626348447774e+00
1.000000611549996421e+00
1.000000597154870885e+00
1.000000583045370206e+00
1.000000569320669053e+00
1.000000555868723273e+00
1.000000542782557122e+00
1.000000529957529416e+00
1.000000517481187012e+00
1.000000505252876648e+00
1.000000493357981135e+00
1.000000481699107935e+00
1.000000470358055171e+00
1.000000459242530004e+00
1.000000448429213096e+00
1.000000437831622069e+00
1.000000427522244051e+00
1.000000417417703957e+00
1.000000407588785389e+00
1.000000397954901254e+00
1.000000388583516031e+00
1.000000379398609418e+00
1.000000370463413724e+00
1.000000361706377072e+00
1.000000353187594504e+00
1.000000344837978394e+00
1.000000336716207361e+00
1.000000328755602741e+00
1.000000321011803139e+00
1.000000313422196196e+00
1.000000306038920872e+00
1.000000298802780963e+00
1.000000291763595062e+00
1.000000284864117850e+00
1.000000278152989530e+00
1.000000271575041788e+00
1.000000265176159031e+00
1.000000258904773620e+00
1.000000252803875167e+00
1.000000246824492400e+00
1.000000241007921398e+00
1.000000235306789387e+00
1.000000229761241366e+00
1.000000224325806597e+00
1.000000219038264637e+00
1.000000213856148124e+00
1.000000208814900038e+00
1.000000203874010118e+00
1.000000199067707429e+00
1.000000194356800876e+00
1.000000189774393311e+00
1.000000185283038023e+00
1.000000180913828585e+00
1.000000176631795190e+00
1.000000172466156245e+00
1.000000168383403221e+00
1.000000164411904757e+00
1.000000160519241232e+00
1.000000156732705481e+00
1.000000153021461946e+00
1.000000149411098826e+00
1.000000145872822932e+00
1.000000142430718331e+00
1.000000139057070969e+00
1.000000135775389598e+00
1.000000132558858335e+00
1.000000129429977624e+00
1.000000126363358444e+00
1.000000123380088590e+00
1.000000120456364217e+00
1.000000117612134032e+00
1.000000114824445507e+00
1.000000112112777506e+00
1.000000109454951991e+00
1.000000106869515681e+00
1.000000104335567075e+00
1.000000101870484936e+00
1.000000099454585012e+00
1.000000097104395858e+00
1.000000094800908235e+00
1.000000092560259901e+00
1.000000090364110417e+00
1.000000088227745332e+00
1.000000086133959964e+00
1.000000084097073527e+00
1.000000082100811927e+00
1.000000080158866655e+00
1.000000078255496749e+00
