4.470011185668330995e+02
4.417029212264060902e+02
4.364675227879276349e+02
4.312941789111242770e+02
4.261821540783008118e+02
4.211307214897655058e+02
4.161391629605024036e+02
4.112067688180607661e+02
4.063328378016578313e+02
4.015166769624784138e+02
3.967576015651542889e+02
3.920549349904127894e+02
3.874080086388795507e+02
3.828161618360173861e+02
3.782787417381998694e+02
3.737951032398909206e+02
3.693646088819274951e+02
3.649866287608891753e+02
3.606605404395423875e+02
3.563857288583458853e+02
3.521615862480024930e+02
3.479875120430538118e+02
3.438629127964924805e+02
3.397872020953894889e+02
3.357598004775217078e+02
3.317801353489866756e+02
3.278476409027952059e+02
3.239617580384254438e+02
3.201219342823367242e+02
3.163276237094195835e+02
3.125782868653797095e+02
3.088733906900410489e+02
3.052124084415584662e+02
3.015948196215284725e+02
2.980201099009879613e+02
2.944877710472877652e+02
2.909973008518381903e+02
2.875482030587052122e+02
2.841399872940565956e+02
2.807721689964430425e+02
2.774442693479055606e+02
2.741558152059008080e+02
2.709063390360296353e+02
2.676953788455693370e+02
2.645224781177876139e+02
2.613871857470378472e+02
2.582890559746238068e+02
2.552276483254239565e+02
2.522025275452675430e+02
2.492132635390504447e+02
2.462594313095900702e+02
2.433406108971988431e+02
2.404563873199779493e+02
2.376063505148167962e+02
2.347900952790929523e+02
2.320072212130623655e+02
2.292573326629333792e+02
2.265400386646128368e+02
2.238549528881238473e+02
2.212016935826776205e+02
2.185798835223985748e+02
2.159891499526926850e+02
2.134291245372509991e+02
2.108994433056821549e+02
2.083997466017634395e+02
2.059296790323091102e+02
2.034888894166412570e+02
2.010770307366609586e+02
1.986937600875112366e+02
1.963387386288245864e+02
1.940116315365489186e+02
1.917121079553440097e+02
1.894398409515411288e+02
1.871945074666633104e+02
1.849757882714937125e+02
1.827833679206891304e+02
1.806169347079320744e+02
1.784761806216139348e+02
1.763608013010440345e+02
1.742704959931757571e+02
1.722049675098492685e+02
1.701639221855376434e+02
1.681470698355952322e+02
1.661541237150010772e+02
1.641848004775908123e+02
1.622388201357725563e+02
1.603159060207184154e+02
1.584157847430312245e+02
1.565381861538741930e+02
1.546828433065630861e+02
1.528494924186128969e+02
1.510378728342350030e+02
1.492477269872788668e+02
1.474788003646110610e+02
1.457308414699323578e+02
1.440036017880198358e+02
1.422968357493945177e+02
1.406103006954080854e+02
1.389437568437425625e+02
1.372969672543198669e+02
1.356696977956138710e+02
1.340617171113644588e+02
1.324727965876834048e+02
1.309027103205517051e+02
1.293512350837016527e+02
1.278181502968798640e+02
1.263032379944862953e+02
1.248062827945850870e+02
1.233270718682830847e+02
1.218653949094698277e+02
1.204210441049190337e+02
1.189938141047417730e+02
1.175835019931911489e+02
1.161899072598129692e+02
1.148128317709381037e+02
1.134520797415133160e+02
1.121074577072646008e+02
1.107787744971928561e+02
1.094658412063933213e+02
1.081684711691983836e+02
1.068864799326384798e+02
1.056196852302174278e+02
1.043679069559992740e+02
1.031309671390005605e+02
1.019086899178890917e+02
1.007009015159797087e+02
9.950743021652810683e+01
9.832810633831701352e+01
9.716276221153179904e+01
9.601123215392236432e+01
9.487335244724644667e+01
9.374896131399435717e+01
9.263789889438746172e+01
9.154000722365040588e+01
9.045513020955253580e+01
8.938311361021555967e+01
8.832380501218445090e+01
8.727705380875738683e+01
8.624271117857442448e+01
8.522063006445813471e+01
8.421066515250603857e+01
8.321267285143055403e+01
8.222651127214405165e+01
8.125204020758582146e+01
8.028912111278820873e+01
7.933761708517909028e+01
7.839739284511729522e+01
7.746831471666014579e+01
7.655025060855756180e+01
7.564306999547213195e+01
7.474664389942169862e+01
7.386084487144212574e+01
7.298554697346722264e+01
7.212062576042312401e+01
7.126595826253603150e+01
7.042142296784872713e+01
6.958689980494459348e+01
6.876227012587645504e+01
6.794741668929809464e+01
6.714222364379538988e+01
6.634657651141468193e+01
6.556036217138783684e+01
6.478346884404869854e+01
6.401578607494099060e+01
6.325720471911442644e+01
6.250761692560720206e+01
6.176691612211229909e+01
6.103499699982514670e+01
6.031175549847215223e+01
5.959708879151533267e+01
5.889089527153326742e+01
5.819307453577489042e+01
5.750352737188494956e+01
5.682215574379844014e+01
5.614886277780198043e+01
5.548355274876146837e+01
5.482613106651191970e+01
5.417650426240919614e+01
5.353457997604116514e+01
5.290026694209632296e+01
5.227347497738816884e+01
5.165411496803348257e+01
5.104209885678217518e+01
5.043733963049837143e+01
4.983975130778887319e+01
4.924924892677884714e+01
4.866574853303237091e+01
4.808916716761621046e+01
4.751942285530510901e+01
4.695643459292698907e+01
4.640012233784602103e+01
4.585040699658301833e+01
4.530721041356999024e+01
4.477045536003836901e+01
4.424006552303902140e+01
4.371596549459240322e+01
4.319808076096750682e+01
4.268633769208745576e+01
4.218066353106161159e+01
4.168098638384103083e+01
4.118723520899687429e+01
4.069933980762012737e+01
4.021723081334097571e+01
3.974083968246660703e+01
3.927009868423572669e+01
3.880494089118926837e+01
3.834530016965463517e+01
3.789111117034313025e+01
3.744230931905881476e+01
3.699883080751765618e+01
3.656061258427546790e+01
3.612759234576326861e+01
3.569970852742957845e+01
3.527690029498706537e+01
3.485910753576341392e+01
3.444627085015469703e+01
3.403833154318007104e+01
3.363523161613682078e+01
3.323691375835385031e+01
3.284332133904423046e+01
3.245439839925251846e+01
3.207008964389949313e+01
3.169034043391998168e+01
3.131509677849452800e+01
3.094430532737307971e+01
3.057791336328946485e+01
3.021586879446678253e+01
2.985812014721019736e+01
2.950461655858914867e+01
2.915530776920538258e+01
2.881014411604715164e+01
2.846907652542817502e+01
2.813205650601032914e+01
2.779903614190907035e+01
2.746996808588082928e+01
2.714480555259113714e+01
2.682350231196258861e+01
2.650601268260181698e+01
2.619229152530439819e+01
2.588229423663694462e+01
2.557597674259512388e+01
2.527329549233731854e+01
2.497420745199218928e+01
2.467867009854015237e+01
2.438664141376718320e+01
2.409807987829050901e+01
2.381294446565517120e+01
2.353119463650056886e+01
2.325279033279653262e+01
2.297769197214734760e+01
2.270586044216386412e+01
2.243725709490207976e+01
2.217184374136785507e+01
2.190958264608686079e+01
2.165043652173900668e+01
2.139436852385643206e+01
2.114134224558469199e+01
2.089132171250582815e+01
2.064427137752318586e+01
2.040015611580674815e+01
2.015894121979858866e+01
1.992059239427762307e+01
1.968507575148282740e+01
1.945235780629463562e+01
1.922240547147320200e+01
1.899518605295353524e+01
1.877066724519625396e+01
1.854881712659367210e+01
1.832960415493041495e+01
1.811299716289788364e+01
1.789896535366214181e+01
1.768747829648419412e+01
1.747850592239253942e+01
1.727201851990692916e+01
1.706798673081297224e+01
1.686638154598696104e+01
1.666717430127022936e+01
1.647033667339248808e+01
1.627584067594374062e+01
1.608365865539377282e+01
1.589376328715922249e+01
1.570612757171710783e+01
1.552072483076467257e+01
1.533752870342480001e+01
1.515651314249642567e+01
1.497765241074968579e+01
1.480092107726480677e+01
1.462629401381471794e+01
1.445374639129049754e+01
1.428325367616931096e+01
1.411479162702430656e+01
1.394833629107598405e+01
1.378386400078446528e+01
1.362135137048230149e+01
1.346077529304729481e+01
1.330211293661473881e+01
1.314534174132879940e+01
1.299043941613242836e+01
1.283738393559541713e+01
1.268615353678009683e+01
1.253672671614433831e+01
1.238908222648118951e+01
1.224319907389499917e+01
1.209905651481332711e+01
1.195663405303440108e+01
1.181591143680959632e+01
1.167686865596051327e+01
1.153948593903038855e+01
1.140374375046915212e+01
1.126962278785204674e+01
1.113710397913114036e+01
1.100616847991949143e+01
1.087679767080753024e+01
1.074897315471128501e+01
1.062267675425197488e+01
1.049789050916683841e+01
1.037459667375045314e+01
1.025277771432657481e+01
1.013241630674979810e+01
1.001349533393688418e+01
9.895997883427337882e+00
9.779907244972800839e+00
9.665206908155111520e+00
9.551880560032408596e+00
9.439912082813242122e+00
9.329285551558065492e+00
9.219985231907989132e+00
9.111995577840360738e+00
9.005301229450827449e+00
8.899887010761705852e+00
8.795737927556073643e+00
8.692839165237579380e+00
8.591176086715389459e+00
8.490734230314116004e+00
8.391499307708370381e+00
8.293457201881658136e+00
8.196593965109247648e+00
8.100895816964865048e+00
8.006349142350694947e+00
7.912940489550657652e+00
7.820656568306443290e+00
7.729484247916160733e+00
7.639410555355265586e+00
7.550422673419467046e+00
7.462507938889447523e+00
7.375653840716922538e+00
7.289848018231992910e+00
7.205078259371339833e+00
7.121332498927105625e+00
7.038598816816147519e+00
6.956865436369429112e+00
6.876120722641245742e+00
6.796353180738103461e+00
6.717551454166932778e+00
6.639704323202405334e+00
6.562800703273101277e+00
6.486829643366295528e+00
6.411780324451115121e+00
6.337642057919776306e+00
6.264404284046781513e+00
6.192056570465648946e+00
6.120588610663172169e+00
6.049990222490743363e+00
5.980251346692683434e+00
5.911362045451261871e+00
5.843312500948175447e+00
5.776093013942339205e+00
5.709694002363636223e+00
5.644105999922548911e+00
5.579319654735320100e+00
5.515325727964508040e+00
5.452115092474698166e+00
5.389678731503141584e+00
5.328007737345108907e+00
5.267093310053770239e+00
5.206926756154381941e+00
5.147499487372543925e+00
5.088803019376349823e+00
5.030828970532225775e+00
4.973569060674243758e+00
4.917015109886686552e+00
4.861159037299739971e+00
4.805992859897995295e+00
4.751508691341686408e+00
4.697698740800379191e+00
4.644555311798955977e+00
4.592070801075707642e+00
4.540237697452308652e+00
4.489048580715555126e+00
4.438496120510584397e+00
4.388573075245461474e+00
4.339272291006945892e+00
4.290586700487205363e+00
4.242509321921353660e+00
4.195033258035579138e+00
4.148151695005774187e+00
4.101857901426375186e+00
4.056145227289321475e+00
4.011007102972962812e+00
3.966437038240687496e+00
3.922428621249168135e+00
3.878975517566008779e+00
3.836071469196693950e+00
3.793710293620599305e+00
3.751885882835978236e+00
3.710592202413711682e+00
3.669823290559733664e+00
3.629573257185907398e+00
3.589836282989264049e+00
3.550606618539414949e+00
3.511878583374050233e+00
3.473646565102328054e+00
3.435905018516033138e+00
3.398648464708417638e+00
3.361871490200527113e+00
3.325568746074936577e+00
3.289734947116735864e+00
3.254364870961699019e+00
3.219453357251464087e+00
3.184995306795653125e+00
3.150985680740796990e+00
3.117419499746012512e+00
3.084291843165270386e+00
3.051597848236199173e+00
3.019332709275350801e+00
2.987491676879802771e+00
2.956070057135054441e+00
2.925063210829120131e+00
2.894466552672791959e+00
2.864275550525953395e+00
2.834485724629939529e+00
2.805092646845856574e+00
2.776091939898862382e+00
2.747479276628317812e+00
2.719250379243806748e+00
2.691401018587020744e+00
2.663927013399440824e+00
2.636824229595853275e+00
2.610088579543657694e+00
2.583716021348014369e+00
2.557702558142799010e+00
2.532044237387406582e+00
2.506737150169418005e+00
2.481777430513190552e+00
2.457161254694368857e+00
2.432884840560392448e+00
2.408944446857064214e+00
2.385336372561217555e+00
2.362056956219568793e+00
2.339102575293823261e+00
2.316469645512150954e+00
2.294154620227078389e+00
2.272153989779936545e+00
2.250464280871951051e+00
2.229082055942111396e+00
2.208003912551918191e+00
2.187226482777140379e+00
2.166746432606752037e+00
2.146560461349137583e+00
2.126665301045757683e+00
2.107057715892393102e+00
2.087734501668171205e+00
2.068692485172486162e+00
2.049928523670022429e+00
2.031439504344021429e+00
2.013222343758006794e+00
1.995273987326102727e+00
1.977591408792150673e+00
1.960171609717819452e+00
1.943011618979861188e+00
1.926108492276721984e+00
1.909459311644684965e+00
1.893061184983737544e+00
1.876911245593331001e+00
1.861006651718233762e+00
1.845344586104629148e+00
1.829922255566674316e+00
1.814736890563645400e+00
1.799785744787867348e+00
1.785066094763568145e+00
1.770575239456831707e+00
1.756310499896769572e+00
1.742269218808063957e+00
1.728448760255017813e+00
1.714846509297207167e+00
1.701459871656865630e+00
1.688286273398080573e+00
1.675323160617904872e+00
1.662567999149433318e+00
1.650018274276916497e+00
1.637671490462950574e+00
1.625525171087777832e+00
1.613576858200702624e+00
1.601824112283621426e+00
1.590264512026664301e+00
1.578895654115889391e+00
1.567715153032994690e+00
1.556720640866966709e+00
1.545909767137593427e+00
1.535280198630717408e+00
1.524829619245117618e+00
1.514555729850875831e+00
1.504456248159069753e+00
1.494528908602611672e+00
1.484771462228035466e+00
1.475181676598031455e+00
1.465757335704481301e+00
1.456496239891759137e+00
1.447396205790024704e+00
1.438455066258242931e+00
1.429670670336616434e+00
1.421040883208134709e+00
1.412563586168905427e+00
1.404236676606942957e+00
1.396058067989048190e+00
1.388025689855423961e+00
1.380137487821661457e+00
1.372391423587695503e+00
1.364785474953354782e+00
1.357317635840093573e+00
1.349985916318510171e+00
1.342788342641225263e+00
1.335722957280715883e+00
1.328787818971672641e+00
1.321981002757467660e+00
1.315300600040297807e+00
1.308744718634582860e+00
1.302311482823197863e+00
1.295999033416108892e+00
1.289805527811000774e+00
1.283729140055474449e+00
1.277768060910414505e+00
1.271920497914110104e+00
1.266184675446743402e+00
1.260558834794849759e+00
1.255041234215378498e+00
1.249630148998975399e+00
1.244323871532133419e+00
1.239120711357866389e+00
1.234018995234563265e+00
1.229017067192708978e+00
1.224113288589153692e+00
1.219306038158645800e+00
1.214593712062336683e+00
1.209974723933001206e+00
1.205447504916714152e+00
1.201010503710755462e+00
1.196662186597517552e+00
1.192401037474212444e+00
1.188225557878195282e+00
1.184134267007724395e+00
1.180125701738006905e+00
1.176198416632385779e+00
1.172350983948551528e+00
1.168581993639657313e+00
1.164890053350255750e+00
1.161273788406971708e+00
1.157731841803852912e+00
1.154262874182345300e+00
1.150865563805861136e+00
1.147538606528919258e+00
1.144280715760850553e+00
1.141090622424073331e+00
1.137967074906955034e+00
1.134908839011298465e+00
1.131914697894483179e+00
1.128983452006324661e+00
1.126113919020705900e+00
1.123304933762063307e+00
1.120555348126801132e+00
1.117864030999730307e+00
1.115229868165627414e+00
1.112651762216025020e+00
1.110128632451342412e+00
1.107659414778478402e+00
1.105243061603994548e+00
1.102878541723016692e+00
1.100564840203992478e+00
1.098300958269445848e+00
1.096085913172871740e+00
1.093918738071919083e+00
1.091798481898011541e+00
1.089724209222558082e+00
1.087695000119909716e+00
1.085709950027216264e+00
1.083768169601338149e+00
1.081868784572975306e+00
1.080010935598165966e+00
1.078193778107313205e+00
1.076416482151897780e+00
1.074678232249031584e+00
1.072978227224006931e+00
1.071315680050991981e+00
1.069689817692029088e+00
1.068099880934479939e+00
1.066545124227068042e+00
1.065024815514661549e+00
1.063538236071938980e+00
1.062084680336078613e+00
1.060663455738604322e+00
1.059273882536524880e+00
1.057915293642893939e+00
1.056587034456919483e+00
1.055288462693743989e+00
1.054018948214015206e+00
1.052777872853365881e+00
1.051564630251911048e+00
1.050378625683875189e+00
1.049219275887451230e+00
1.048086008894994148e+00
1.046978263863646452e+00
1.045895490906488368e+00
1.044837150924303737e+00
1.043802715438045814e+00
1.042791666422086871e+00
1.041803496138330454e+00
1.040837706971259102e+00
1.039893811263990830e+00
1.038971331155412292e+00
1.038069798418449707e+00
1.037188754299543048e+00
1.036327749359376771e+00
1.035486343314922619e+00
1.034664104882845326e+00
1.033860611624319192e+00
1.033075449791298839e+00
1.032308214174284755e+00
1.031558507951625847e+00
1.030825942540389617e+00
1.030110137448835728e+00
1.029410720130522705e+00
1.028727325840074647e+00
1.028059597490631027e+00
1.027407185513006915e+00
1.026769747716577807e+00
1.026146949151910848e+00
1.025538461975154858e+00
1.024943965314207617e+00
1.024363145136664377e+00
1.023795694119564281e+00
1.023241311520936225e+00
1.022699703053154385e+00
1.022170580758105851e+00
1.021653662884170366e+00
1.021148673765016834e+00
1.020655343700213713e+00
1.020173408837651285e+00
1.019702611057772046e+00
1.019242697859606084e+00
1.018793422248602587e+00
1.018354542626254799e+00
1.017925822681503556e+00
1.017507031283917396e+00
1.017097942378634157e+00
1.016698334883053167e+00
1.016307992585270270e+00
1.015926704044235906e+00
1.015554262491630277e+00
1.015190465735435144e+00
1.014835116065190501e+00
1.014488020158920811e+00
1.014148988991713018e+00
1.013817837745930150e+00
1.013494385723045399e+00
1.013178456257077809e+00
1.012869876629609145e+00
1.012568477986369064e+00
1.012274095255366380e+00
1.011986567066547105e+00
1.011705735672963957e+00
1.011431446873432671e+00
1.011163549936661132e+00
1.010901897526826909e+00
1.010646345630586751e+00
1.010396753485496735e+00
1.010152983509821967e+00
1.009914901233718965e+00
1.009682375231766294e+00
1.009455277056827027e+00
1.009233481175221270e+00
1.009016864903188093e+00
1.008805308344618012e+00
1.008598694330034684e+00
1.008396908356807398e+00
1.008199838530572379e+00
1.008007375507844694e+00
1.007819412439800777e+00
1.007635844917211143e+00
1.007456570916504424e+00
1.007281490746943176e+00
1.007110506998893262e+00
1.006943524493165265e+00
1.006780450231411494e+00
1.006621193347558840e+00
1.006465665060258807e+00
1.006313778626337641e+00
1.006165449295225667e+00
1.006020594264350088e+00
1.005879132635474571e+00
1.005740985371964102e+00
1.005606075256960663e+00
1.005474326852453748e+00
1.005345666459224407e+00
1.005220022077650821e+00
1.005097323369355866e+00
1.004977501619681579e+00
1.004860489700974302e+00
1.004746222036664749e+00
1.004634634566127449e+00
1.004525664710304245e+00
1.004419251338076080e+00
1.004315334733369536e+00
1.004213856562981677e+00
1.004114759845110783e+00
1.004017988918577187e+00
1.003923489412719805e+00
1.003831208217958348e+00
1.003741093457001021e+00
1.003653094456692152e+00
1.003567161720480438e+00
1.003483246901497816e+00
1.003401302776236292e+00
1.003321283218809645e+00
1.003243143175788221e+00
1.003166838641594394e+00
1.003092326634447362e+00
1.003019565172845295e+00
1.002948513252575502e+00
1.002879130824235743e+00
1.002811378771265582e+00
1.002745218888465351e+00
1.002680613861002268e+00
1.002617527243887308e+00
1.002555923441915464e+00
1.002495767690057438e+00
1.002437026034295853e+00
1.002379665312893353e+00
1.002323653138084802e+00
1.002268957878185374e+00
1.002215548640102760e+00
1.002163395252247957e+00
1.002112468247831734e+00
1.002062738848544576e+00
1.002014178948603673e+00
1.001966761099167602e+00
1.001920458493102517e+00
1.001875244950098276e+00
1.001831094902123853e+00
1.001787983379213598e+00
1.001745885995580787e+00
1.001704778936047591e+00
1.001664638942785457e+00
1.001625443302359919e+00
1.001587169833072943e+00
1.001549796872594156e+00
1.001513303265877619e+00
1.001477668353354833e+00
1.001442871959401071e+00
1.001408894381063508e+00
1.001375716377053360e+00
1.001343319156987599e+00
1.001311684370880473e+00
1.001280794098876603e+00
1.001250630841221456e+00
1.001221177508462512e+00
1.001192417411877145e+00
1.001164334254121213e+00
1.001136912120095035e+00
1.001110135468017859e+00
1.001083989120711504e+00
1.001058458257084949e+00
1.001033528403814543e+00
1.001009185427219172e+00
1.000985415525322608e+00
1.000962205220098822e+00
1.000939541349899375e+00
1.000917411062054674e+00
1.000895801805647078e+00
1.000874701324453442e+00
1.000854097650048846e+00
1.000833979095073101e+00
1.000814334246652226e+00
1.000795151959972928e+00
1.000776421352007173e+00
1.000758131795382866e+00
1.000740272912395756e+00
1.000722834569161446e+00
1.000705806869905512e+00
1.000689180151382640e+00
1.000672944977429424e+00
1.000657092133641957e+00
1.000641612622178211e+00
1.000626497656682101e+00
1.000611738657324112e+00
1.000597327245960733e+00
1.000583255241402680e+00
1.000569514654797931e+00
1.000556097685118662e+00
1.000542996714756327e+00
1.000530204305218884e+00
1.000517713192926594e+00
1.000505516285109531e+00
1.000493606655797896e+00
1.000481977541907597e+00
1.000470622339417304e+00
1.000459534599633882e+00
1.000448708025546196e+00
1.000438136468263961e+00
1.000427813923539633e+00
1.000417734528371572e+00
1.000407892557687806e+00
1.000398282421105067e+00
1.000388898659766879e+00
1.000379735943252912e+00
1.000370789066561628e+00
1.000362052947164848e+00
1.000353522622128954e+00
1.000345193245305575e+00
1.000337060084587115e+00
1.000329118519226679e+00
1.000321364037220828e+00
1.000313792232754295e+00
1.000306398803703534e+00
1.000299179549199335e+00
1.000292130367246735e+00
1.000285247252401311e+00
1.000278526293497672e+00
1.000271963671434339e+00
1.000265555657008365e+00
1.000259298608801473e+00
1.000253188971116591e+00
1.000247223271960140e+00
1.000241398121075598e+00
1.000235710208020379e+00
1.000230156300288220e+00
1.000224733241476205e+00
1.000219437949495527e+00
1.000214267414822222e+00
1.000209218698790981e+00
1.000204288931928032e+00
1.000199475312322894e+00
1.000194775104039646e+00
1.000190185635564166e+00
1.000185704298288236e+00
1.000181328545030279e+00
1.000177055888588740e+00
1.000172883900331877e+00
1.000168810208818648e+00
1.000164832498452894e+00
1.000160948508170389e+00
1.000157156030153871e+00
1.000153452908580265e+00
1.000149837038397882e+00
1.000146306364130488e+00
1.000142858878710683e+00
1.000139492622340809e+00
1.000136205681379842e+00
1.000132996187257373e+00
1.000129862315412010e+00
1.000126802284256655e+00
1.000123814354164864e+00
1.000120896826485195e+00
1.000118048042575314e+00
1.000115266382859858e+00
1.000112550265912059e+00
1.000109898147554466e+00
1.000107308519981419e+00
1.000104779910904407e+00
1.000102310882714951e+00
1.000099900031667266e+00
1.000097545987082226e+00
1.000095247410567989e+00
1.000093002995260383e+00
1.000090811465079277e+00
1.000088671574005383e+00
1.000086582105370825e+00
1.000084541871169019e+00
1.000082549711379221e+00
1.000080604493307934e+00
1.000078705110944322e+00
1.000076850484333368e+00
1.000075039558960821e+00
1.000073271305155220e+00
1.000071544717501704e+00
1.000069858814271573e+00
1.000068212636864295e+00
1.000066605249262608e+00
1.000065035737500496e+00
1.000063503209144278e+00
1.000062006792785008e+00
1.000060545637543319e+00
1.000059118912586698e+00
1.000057725806655862e+00
1.000056365527604907e+00
1.000055037301950778e+00
1.000053740374433175e+00
1.000052474007586234e+00
1.000051237481318855e+00
1.000050030092505038e+00
1.000048851154585083e+00
1.000047699997175021e+00
1.000046575965685136e+00
1.000045478420948486e+00
1.000044406738857861e+00
1.000043360310010065e+00
1.000042338539359976e+00
1.000041340845883031e+00
1.000040366662243496e+00
1.000039415434473389e+00
1.000038486621656952e+00
1.000037579695622902e+00
1.000036694140644888e+00
1.000035829453147285e+00
1.000034985141420307e+00
1.000034160725339349e+00
1.000033355736092533e+00
1.000032569715914033e+00
1.000031802217824284e+00
1.000031052805374854e+00
1.000030321052401527e+00
1.000029606542781391e+00
1.000028908870196132e+00
1.000028227637901335e+00
1.000027562458501329e+00
1.000026912953727587e+00
1.000026278754225340e+00
1.000025659499342412e+00
1.000025054836924721e+00
1.000024464423115766e+00
1.000023887922161236e+00
1.000023325006218489e+00
1.000022775355169813e+00
1.000022238656439688e+00
1.000021714604818479e+00
1.000021202902288353e+00
1.000020703257853194e+00
1.000020215387374067e+00
1.000019739013406905e+00
1.000019273865045744e+00
1.000018819677767512e+00
1.000018376193282155e+00
1.000017943159386302e+00
1.000017520329818943e+00
1.000017107464121757e+00
1.000016704327503003e+00
1.000016310690702737e+00
1.000015926329864024e+00
1.000015551026404159e+00
1.000015184566891424e+00
1.000014826742922969e+00
1.000014477351007125e+00
1.000014136192446834e+00
1.000013803073227514e+00
1.000013477803906037e+00
1.000013160199503259e+00
1.000012850079399218e+00
1.000012547267229435e+00
1.000012251590786105e+00
1.000011962881918626e+00
1.000011680976438777e+00
1.000011405714027690e+00
1.000011136938143919e+00
1.000010874495935065e+00
1.000010618238149851e+00
1.000010368019055074e+00
1.000010123696350783e+00
1.000009885131090570e+00
1.000009652187601850e+00
1.000009424733409258e+00
1.000009202639159378e+00
1.000008985778546799e+00
1.000008774028241731e+00
1.000008567267821613e+00
1.000008365379700948e+00
1.000008168249064910e+00
1.000007975763804957e+00
1.000007787814453319e+00
1.000007604294122832e+00
1.000007425098444092e+00
1.000007250125507730e+00
1.000007079275805566e+00
1.000006912452174435e+00
1.000006749559740671e+00
1.000006590505866155e+00
1.000006435200095689e+00
1.000006283554106368e+00
1.000006135481655178e+00
1.000005990898532815e+00
1.000005849722513718e+00
1.000005711873309222e+00
1.000005577272524038e+00
1.000005445843609175e+00
1.000005317511820202e+00
1.000005192204173277e+00
1.000005069849404737e+00
1.000004950377930468e+00
1.000004833721805930e+00
1.000004719814687526e+00
1.000004608591795074e+00
1.000004499989874951e+00
