1.000000000000000082e-05
1.000000000000000082e-05
3.190422137004528622e+02
3.844948176708045366e+02
4.290834595931765421e+02
4.641658910366908799e+02
4.932635824606856545e+02
5.184441603982725155e+02
5.406462982564505637e+02
5.606593944196948769e+02
5.788499569143097006e+02
5.956218356513506933e+02
6.111379457690637764e+02
6.256468226222872318e+02
6.392462410316478554e+02
6.520979547054902241e+02
6.642612579722460850e+02
6.758447774050270027e+02
6.868775981937401411e+02
6.974455781759694446e+02
7.075754744329336745e+02
7.173292789600084234e+02
7.267273575148325335e+02
7.358130675559530118e+02
7.445955168732816674e+02
7.531159327238401602e+02
7.613854011518836842e+02
7.694340585430704778e+02
7.772731608967377497e+02
7.849208325669109172e+02
7.923848601101718714e+02
7.996843223296202723e+02
8.068290045268477115e+02
8.138339566826634837e+02
8.207069165086236353e+02
8.274543850011431232e+02
8.340859260012844061e+02
8.406082431936488319e+02
8.470329078217835104e+02
8.533646658959579554e+02
8.596122236273768067e+02
8.657749733884795660e+02
8.718635705046341400e+02
8.778781178406078425e+02
8.838325839522170781e+02
8.897243317552336066e+02
8.955644344026968611e+02
9.013460101288928854e+02
9.070826159452867614e+02
9.127701944725143903e+02
9.184232404770601761e+02
9.240352102354491990e+02
9.296196700677396620e+02
9.351642819807364049e+02
9.406863858874708058e+02
9.461778869221136574e+02
9.516547192959928907e+02
9.571080177388308812e+02
9.625510260809331839e+02
9.679705873916650489e+02
9.733861415706045364e+02
9.787858197356326855e+02
9.841877220054054760e+02
9.895810097649864474e+02
9.949785752399502599e+02
1.000368277733106652e+03
1.005768741732605577e+03
1.011167524615496177e+03
1.016584478360616913e+03
1.022005659511730983e+03
1.027445109467942075e+03
1.032891746164959386e+03
1.038362691489250437e+03
1.043846723149946456e+03
1.049363375764056400e+03
1.054897717358864838e+03
1.060464751886591557e+03
1.066052561652062650e+03
1.071679325379251395e+03
1.077335041899788621e+03
1.083037042308599212e+03
1.088771586342285445e+03
1.094553342186635291e+03
1.100370649349376208e+03
1.106242992028148592e+03
1.112159178139648702e+03
1.118136724230949540e+03
1.124162922588717947e+03
1.130251122390781802e+03
1.136390959610705750e+03
1.142603016232577147e+03
1.148874232425001992e+03
1.155224409984182103e+03
1.161638465712334209e+03
1.168131700199298166e+03
1.174694605250238737e+03
1.181346687263026524e+03
1.188074743254482883e+03
1.194901171387396971e+03
1.201805402874400215e+03
1.208809275676990183e+03
1.215898566422438989e+03
1.223096507989282145e+03
1.230388467744805666e+03
1.237796250835308001e+03
1.245297206058380880e+03
1.252918007693434220e+03
1.260639825293771537e+03
1.268489744859310122e+03
1.276451139559530247e+03
1.284545336304915281e+03
1.292748527828314081e+03
1.301089047267349997e+03
1.309546110982266327e+03
1.318151144604373712e+03
1.326881677514011017e+03
1.335762289828292523e+03
1.344764132340482092e+03
1.353920776861063814e+03
1.363206671846608970e+03
1.372658647140396397e+03
1.382245572433384268e+03
1.392000459503484080e+03
1.401884450338711986e+03
1.411939681224546575e+03
1.422134891331348626e+03
1.432508488974659031e+03
1.443028157323284177e+03
1.453722622475230992e+03
1.464557032050402995e+03
1.475571655093687923e+03
1.486733180980976158e+03
1.498083983684739678e+03
1.509584163229471642e+03
1.521265119832635264e+03
1.533091070065525400e+03
1.545102479099724860e+03
1.557265293437525088e+03
1.569617256821267119e+03
1.582119590271500783e+03
1.594813561746329924e+03
1.607660516670865945e+03
1.620699632166758192e+03
1.633898174274841040e+03
1.647287639806483867e+03
1.660823943202898818e+03
1.674547933361844798e+03
1.688416495256346479e+03
1.702462679056286788e+03
1.716653904652916481e+03
1.731016768844173612e+03
1.745500803827111440e+03
1.760150894115726942e+03
1.774926601813442858e+03
1.789844405503290773e+03
1.804863837514392799e+03
1.820024587861201326e+03
1.835268242560587851e+03
1.850627350294779944e+03
1.866056879042508626e+03
1.881601009886799375e+03
1.897176306788044258e+03
1.912811615529623623e+03
1.928478571035667983e+03
1.944213326013243659e+03
1.959937207426376290e+03
1.975673167930601494e+03
1.991382173704179650e+03
2.007077433504712417e+03
2.022707569778516472e+03
2.038293031009339529e+03
2.053813302584897883e+03
2.069262205072039706e+03
2.084560090456513535e+03
2.099705553270177006e+03
2.114720668515764828e+03
2.129639154384645281e+03
2.144369633821527714e+03
2.158872321698807355e+03
2.173096698825804197e+03
2.187131148037321964e+03
2.200960212423468420e+03
2.214532577540019702e+03
2.227775034634493750e+03
2.240679849129181548e+03
2.253279722346613198e+03
2.265529187204843765e+03
2.277477220276602566e+03
2.288987033019721366e+03
2.300097490959845345e+03
2.310806723283317751e+03
2.321068455457264918e+03
2.330873359789748065e+03
2.340232770463827364e+03
2.349064767814852075e+03
2.357428785338796843e+03
2.365266357495150714e+03
2.372548897165893777e+03
2.379282331526707821e+03
2.385455559288013774e+03
2.391018948833095692e+03
2.396047383763571816e+03
2.400448277806664009e+03
2.404232382250384489e+03
2.407405109584535694e+03
2.409943444026164798e+03
2.411793492411545685e+03
2.413022407119550735e+03
2.413607241586047621e+03
2.413540354473530442e+03
2.412867741016501441e+03
2.411518279103769601e+03
2.409445474770184319e+03
2.406639264664113853e+03
2.403229200300134380e+03
2.399176459701696785e+03
2.394585690261825675e+03
2.389323196523455408e+03
2.383411900082548527e+03
2.376742117147231056e+03
2.369389850523057703e+03
2.361420184592786427e+03
2.353014846270962607e+03
2.344027129276449159e+03
2.334506942448861082e+03
2.324341832013090880e+03
2.313589623098315315e+03
2.302186258064423782e+03
2.290260732505129454e+03
2.277836397592760022e+03
2.265058725860169943e+03
2.251805803227071010e+03
2.238151889764685166e+03
2.224027713189391761e+03
2.209500170550966686e+03
2.194480242896306208e+03
2.179025775851498565e+03
2.163106268576621005e+03
2.146971365551661620e+03
2.130569911620113999e+03
2.113971870100470824e+03
2.097092657442570271e+03
2.079995055435872018e+03
2.062598709080282788e+03
2.044973900916287221e+03
2.027051110998978174e+03
2.008892343280251225e+03
1.990486748127259261e+03
1.972073740849083833e+03
1.953565349315171261e+03
1.935052164232710311e+03
1.916438038948621852e+03
1.897812482079468509e+03
1.879080107237180755e+03
1.860327036469028371e+03
1.841464478975501379e+03
1.822573448223522746e+03
1.803570533521744665e+03
1.784574939019881640e+03
1.765601179169335410e+03
1.746774735141938663e+03
1.728006944173215743e+03
1.709370539185729058e+03
1.690789785863096540e+03
1.672334142695567607e+03
1.653931273265295658e+03
1.635649709851561738e+03
1.617416767209311047e+03
1.599301096268078936e+03
1.581231601585312319e+03
1.563274436896868337e+03
1.545383298687564093e+03
1.527689535844693637e+03
1.510132139273096755e+03
1.492778348705012831e+03
1.475556060211082240e+03
1.458533160185601446e+03
1.441639063226665940e+03
1.424938138117879589e+03
1.408364366485798200e+03
1.391978465491243469e+03
1.375715891789471925e+03
1.359638157154362716e+03
1.343680359795547702e+03
1.327903576230221915e+03
1.312244707338813669e+03
1.296731996069512206e+03
1.281289857630387360e+03
1.266092025664386483e+03
1.251013394570542914e+03
1.236166297626231881e+03
1.221435280762041884e+03
1.206930433320522980e+03
1.192539822454113164e+03
1.178369201222731590e+03
1.164311280109711788e+03
1.150468455505526435e+03
1.136734732857883273e+03
1.123212338417089086e+03
1.109796313413741700e+03
1.096586366673574048e+03
1.083481224051221261e+03
1.070576632632358724e+03
1.057775047478326314e+03
1.045169689401715232e+03
1.032664033701955532e+03
1.020351126782874076e+03
1.008135534547638827e+03
9.961075721910816583e+02
9.841756031495536945e+02
9.724263453213638968e+02
9.607711288043226432e+02
9.492947945730451238e+02
9.379094469471530147e+02
9.266997946797310988e+02
9.155790657334789557e+02
9.046290746710189978e+02
8.937669150047794346e+02
8.830711291570296453e+02
8.724611087809106493e+02
8.620140900436426818e+02
8.516501464274618911e+02
8.414460665166593571e+02
8.313232926954792674e+02
8.213558273658454709e+02
8.114686734125390331e+02
8.017329663816135508e+02
7.920754356179241995e+02
7.825663944856755734e+02
7.731331872329180896e+02
7.638453752017309171e+02
7.546318938733704726e+02
7.455596581861574350e+02
7.365608404862623502e+02
7.276998618498067799e+02
7.189101325513148595e+02
7.102556594194708168e+02
7.016704069153807950e+02
6.932173822157952827e+02
6.848323144629692933e+02
6.765756998595392133e+02
6.683862110205039926e+02
6.603221786616804820e+02
6.523230972684252720e+02
6.444472260243343271e+02
6.366345586834728465e+02
6.289421560080692188e+02
6.213119074542457838e+02
6.137985822230464237e+02
6.063464816950737486e+02
5.990086759226162485e+02
5.917301121007832307e+02
5.845638095303294222e+02
5.774552532076093030e+02
5.704561071117991560e+02
5.635138469053457584e+02
5.566780484648567153e+02
5.498981267937157327e+02
5.432223675663084350e+02
5.366006872244387296e+02
5.300813270413412965e+02
5.236147727759505415e+02
5.172477894730837988e+02
5.109329178409756196e+02
5.047150197672298191e+02
4.985481664706512674e+02
4.924762803304766408e+02
4.864538119789452253e+02
4.805246371613160932e+02
4.746438028017862507e+02
4.688536237454216007e+02
4.631112319394819110e+02
4.574572101018409285e+02
4.518498677117275975e+02
4.463291477638088622e+02
4.408536997589766884e+02
4.354632211199675567e+02
4.301171069401215163e+02
4.248535663906451987e+02
4.196338912115232915e+02
4.144947799535183890e+02
4.093983979435874403e+02
4.043810591966188213e+02
3.994052331476243012e+02
3.945068239990865777e+02
3.896491654465740453e+02
3.848667452903555386e+02
3.801246218752820596e+02
3.754559688106004955e+02
3.708264572232724277e+02
3.662690921968404609e+02
3.617498163383291967e+02
3.573010909226780996e+02
3.528898149383859959e+02
3.485471107115062637e+02
3.442414250712640751e+02
3.400027533893451732e+02
3.357999456731659507e+02
3.316629907197462899e+02
3.275609870591852655e+02
3.235232721704701930e+02
3.195199700315764630e+02
3.155791989165971358e+02
3.116723374792200616e+02
3.078266309977178139e+02
3.040137721365482548e+02
3.002610013347288600e+02
2.965402831298506499e+02
2.928781224574976818e+02
2.892475583190495172e+02
2.856739864066724408e+02
2.821314459129374654e+02
2.786446782209269486e+02
2.751879600877293228e+02
2.717860292355215961e+02
2.684134518133059828e+02
2.650941664658786863e+02
2.618038454026099089e+02
2.585654191452489954e+02
2.553553403458525679e+02
2.521960724683409296e+02
2.490642488909747101e+02
2.459823059816376656e+02
2.429271951793893436e+02
2.399205244881211172e+02
2.369403437589630244e+02
2.340073539824438456e+02
2.311001969682731669e+02
2.282392658099088010e+02
2.254033644166859176e+02
2.226127516946924629e+02
2.198466295793379004e+02
2.171244707841024990e+02
2.144264717494668275e+02
2.117713195572429470e+02
2.091396421985513143e+02
2.065499529442605819e+02
2.039830258075069764e+02
2.014571527846729566e+02
1.989535687029530209e+02
1.964898217436576431e+02
1.940480466222140024e+02
1.916451134198050283e+02
1.892634530080503055e+02
1.869198734607224424e+02
1.845969377629347150e+02
1.823111632199312453e+02
1.800456213433219546e+02
1.778161357836735306e+02
1.756065675930317695e+02
1.734321733915696768e+02
1.712770132636058520e+02
1.691563495771257806e+02
1.670543704713787179e+02
1.649859932782611338e+02
1.629359492642954592e+02
1.609185285533156389e+02
1.589190979611738044e+02
1.569515144104082367e+02
1.550013001109535082e+02
1.530823167042056525e+02
1.511802288640584209e+02
1.493085118601709951e+02
1.474533968426694059e+02
1.456277919300079304e+02
1.438184319066534442e+02
1.420379050649127066e+02
1.402730643473091163e+02
1.385365017406118682e+02
1.368152229908904758e+02
1.351214031720064099e+02
1.334426283478163384e+02
1.317905604608370140e+02
1.301531764692412878e+02
1.285419139586479673e+02
1.269448436353232381e+02
1.253733832978585809e+02
1.238157781688258581e+02
1.222830225042174561e+02
1.207639252957539924e+02
1.192690236343586463e+02
1.177874212014936575e+02
1.163294115680447760e+02
1.148843805669914389e+02
1.134625475513968951e+02
1.120533146756014276e+02
1.106665981767082343e+02
1.092923094661237258e+02
1.079399691342413945e+02
1.065997013788276604e+02
1.052809491487387135e+02
1.039739120777131660e+02
1.026879138520024810e+02
1.014133984512545936e+02
1.001593089850737783e+02
9.891654917613402631e+01
9.769372030291901865e+01
9.648186945638252610e+01
9.528957559716938874e+01
9.410795301733959661e+01
9.294542580818713873e+01
9.179337499184552485e+01
9.065987146169931066e+01
8.953669121225030381e+01
8.843162371972654512e+01
8.733654313196366559e+01
8.625924239019586537e+01
8.519166201600172883e+01
8.414141232490231914e+01
8.310071634436719989e+01
8.207686448123310186e+01
8.106239560813681067e+01
8.006438577401581824e+01
7.907544897045721655e+01
7.810266346363134460e+01
7.713871585998469982e+01
7.619048092898727020e+01
7.525093785600043361e+01
7.432667198614842619e+01
7.341091046460525149e+01
7.251008108197990509e+01
7.161746658012118871e+01
7.073949537969677692e+01
6.986952697514333011e+01
6.901377079231589562e+01
6.816588311940431311e+01
6.733181069892498272e+01
6.650539833400910084e+01
6.569248072651008385e+01
6.488694472890274767e+01
6.409460355594541170e+01
6.330942953907417348e+01
6.253701114244800863e+01
6.177159223757576001e+01
6.101851783149134434e+01
6.027215607522536800e+01
5.953775928069416068e+01
5.880970893317338266e+01
5.809317466427543053e+01
5.738260280180816153e+01
5.668290090109407942e+01
5.598869111289675971e+01
5.530459248696818975e+01
5.462517275584873033e+01
5.395494071793244473e+01
5.328835098802209558e+01
5.262953982573259992e+01
5.197285387871815487e+01
5.132194380068814610e+01
5.067098630650539803e+01
5.002303459503841765e+01
4.937183929016786976e+01
4.871981723643717288e+01
4.806014925647995994e+01
4.739442959826646273e+01
4.671523524692224782e+01
4.602331957201470658e+01
4.531072457796324926e+01
4.457762361576504873e+01
4.381602850331574928e+01
4.302616911820411616e+01
4.220106454235467197e+01
4.134233933005715045e+01
4.044546761747862718e+01
3.951511524637368922e+01
3.855075650451699687e+01
3.756116307045406444e+01
3.655025944200787080e+01
3.553063618889998310e+01
3.450921212926857606e+01
3.349997241062470721e+01
3.251033950049201593e+01
3.155241215366139329e+01
3.063134232096080822e+01
2.975552172149013685e+01
2.892587397917977654e+01
2.814720790109008064e+01
2.741661875663523418e+01
2.673542133765569773e+01
2.609893714518541685e+01
2.550626927773869568e+01
2.495185528974585765e+01
2.443428243233032049e+01
2.394769358912270008e+01
2.349105119994396773e+01
2.305887882189485794e+01
2.265042151970502715e+01
2.226111551208810013e+01
2.189057849355939922e+01
2.153488870591521120e+01
2.119423540748854506e+01
2.086514271905440765e+01
2.054826682417422035e+01
2.024056798620258135e+01
1.994291349893066467e+01
1.965272098843521320e+01
1.937099931160562960e+01
1.909541267117647223e+01
1.882716799903247207e+01
1.856407818390356113e+01
1.830746400474125579e+01
1.805530510557677104e+01
1.780892467190403394e+01
1.756649063209230377e+01
1.732931854577641673e+01
1.709565070721626512e+01
1.686686288962545532e+01
1.664124170890524823e+01
1.642016647871881219e+01
1.620201034355043745e+01
1.598810362382953976e+01
1.577691960685159778e+01
1.556975395245073557e+01
1.536510902729062877e+01
1.516430153330829178e+01
1.496585462339827011e+01
1.477105828394077847e+01
1.457850268483729828e+01
1.438942265880391780e+01
1.420247404849539130e+01
1.401886026596326573e+01
1.383725310928914887e+01
1.365886514573803368e+01
1.348238397249707887e+01
1.330898720930579593e+01
1.313742432853986841e+01
1.296881979397744722e+01
1.280197122358848638e+01
1.263797980089736939e+01
1.247565362067175521e+01
1.231609884670661437e+01
1.215813962736497977e+01
1.200284168827071873e+01
1.184908938577525639e+01
1.169790170698428788e+01
1.154819779594390994e+01
1.140098116396599259e+01
1.125517981680696167e+01
1.111179522966331668e+01
1.096977501182155734e+01
1.083008156633973584e+01
1.069171635479011684e+01
1.055560135608418015e+01
1.042076323765177115e+01
1.028811509679096758e+01
1.015669151248534696e+01
1.002739773305616211e+01
9.899291153385583186e+00
9.773239979749336115e+00
9.648349502562712843e+00
9.525453119346925845e+00
9.403673615929458052e+00
9.283840978319380710e+00
9.165085038945429474e+00
9.048223542048729584e+00
8.932411522084086286e+00
8.818431592591414514e+00
8.705481682511315711e+00
8.594314366016753581e+00
8.484138714429345640e+00
8.375708458508876575e+00
8.268238900196204000e+00
8.162468156183853907e+00
8.057638487965844476e+00
7.954455966227659047e+00
7.852197590769814717e+00
7.751546077832943027e+00
7.651786844509267382e+00
7.553603739039350451e+00
7.456288933225768467e+00
7.360498151115294263e+00
7.265571552547085865e+00
7.172135714560732289e+00
7.079538620920304837e+00
6.988399198795429257e+00
6.898071567006220484e+00
6.809175822461353889e+00
6.721072526502740452e+00
6.634362930566073402e+00
6.548436643184344597e+00
6.463866707638916687e+00
6.380065082335534932e+00
6.297592322218968697e+00
6.215864747966354464e+00
6.135443713465728699e+00
6.055753038689257295e+00
5.977332416618739153e+00
5.899635221888686054e+00
5.823176876570790306e+00
5.747426947261218722e+00
5.672892666744443702e+00
5.599047349992613221e+00
5.526395704845741719e+00
5.454420567717183310e+00
5.383607415152673603e+00
5.313465108686523664e+00
5.244456809995238444e+00
5.176103909960572125e+00
5.108865045423104156e+00
5.042264809767878830e+00
4.976757020079908500e+00
4.911877681529795758e+00
4.848060904952391503e+00
4.784866819202844290e+00
4.722711292956128126e+00
4.661162252176477061e+00
4.600634134187580493e+00
4.540697600217302288e+00
4.481760145258931516e+00
4.423405324488265400e+00
4.366022034825133069e+00
4.309215158204388274e+00
4.253358159515363113e+00
4.198060622503870576e+00
4.143696897641032884e+00
4.089878996583627746e+00
4.036972778463566058e+00
3.984603967496151089e+00
3.933121651427485599e+00
3.882168641146052313e+00
3.832082248194348395e+00
3.782508739422936639e+00
3.733786214560836481e+00
3.685563781554662022e+00
3.638169840404590794e+00
3.591267843644984747e+00
3.545171125674024815e+00
3.499556456644754565e+00
3.454728589455029919e+00
3.410366742859210376e+00
3.366776233911796812e+00
3.323639609061985301e+00
3.281251855078093804e+00
3.239309920998973524e+00
3.198095241993962112e+00
3.157315028569211091e+00
3.117244818056197797e+00
3.077593583032479874e+00
3.038637113778297483e+00
3.000088046197849412e+00
2.962211349519244585e+00
2.924734091425227334e+00
2.887909366981877390e+00
2.851471736298945903e+00
2.815670606936184761e+00
2.780242186418293571e+00
2.745434577980636615e+00
2.710988821218982991e+00
2.677142953296923533e+00
2.643650845918620540e+00
2.610740507179961423e+00
2.578171152149694390e+00
2.546168879603618151e+00
2.514494478646224884e+00
2.483371540036438674e+00
2.452566552167679159e+00
2.422293789908268824e+00
2.392331144660150066e+00
2.362884454490088881e+00
2.333735230899757873e+00
2.305088798889843638e+00
2.276728190630910920e+00
2.248854742513808347e+00
2.221258961794957187e+00
2.194133662243768601e+00
2.167278029369418491e+00
2.140878576275170975e+00
2.114736928275050332e+00
2.089039871637662138e+00
2.063590595070385003e+00
2.038571813529813870e+00
2.013793398179498872e+00
1.989430528360697226e+00
1.965300893725773879e+00
1.941574513699783733e+00
1.918071039295092595e+00
1.894960653311525078e+00
1.872064811928915162e+00
1.849549154274705787e+00
1.827242024215385729e+00
1.805302352494136509e+00
1.783564624010917310e+00
1.762184004790134928e+00
1.740996532904457439e+00
1.720157442830008376e+00
1.699504730077442405e+00
1.679188753975809023e+00
1.659054472918944256e+00
1.639246239561135354e+00
1.619613765974826203e+00
1.600298759695188089e+00
1.581152213062560596e+00
1.562315577591377735e+00
1.543642049222623269e+00
1.525268142559478290e+00
1.507053754438629101e+00
1.489130071760513596e+00
1.471360592340907658e+00
1.453874762479822502e+00
1.436537253166571215e+00
1.419476582081976135e+00
1.402560063466367302e+00
1.385911541222432763e+00
1.369404342182301226e+00
1.353157700411368181e+00
1.337047581593089340e+00
1.321192218301593835e+00
1.305468640143106152e+00
1.289993621164093662e+00
1.274647157121614249e+00
1.259541592877441607e+00
1.244562334174830864e+00
1.229817728413574285e+00
1.215195014942160423e+00
1.200802150498936793e+00
1.186527333413024410e+00
1.172476647557760376e+00
1.158541493159113367e+00
1.144823828556228440e+00
1.131219720466525747e+00
1.117827802504769430e+00
1.104545443549410200e+00
1.091471181118119471e+00
1.078503317872948841e+00
1.065738198796646996e+00
1.053077497061625234e+00
1.040613801092153734e+00
1.028252548494923424e+00
1.016083756370820046e+00
1.004013891068104902e+00
9.921328628530997618e-01
9.803481301606099541e-01
9.687471692805319501e-01
9.572409236010340772e-01
9.459134486201402625e-01
9.346786829236031213e-01
9.236187413546825820e-01
9.126483679308505792e-01
9.018496084571097082e-01
8.911381886883700254e-01
8.805935554351936867e-01
8.701350090101279688e-01
8.598388431990762193e-01
8.496267190541106906e-01
8.395735522486083013e-01
8.296016644210385538e-01
8.197856788903827852e-01
8.100490998708979040e-01
8.004639399839625913e-01
7.909571034216001939e-01
7.815978301168621245e-01
7.723148031219664311e-01
7.631763510614507640e-01
7.541117547696750689e-01
7.451887428844781169e-01
7.363380008407029997e-01
7.276247762914035411e-01
7.189828397033889429e-01
7.104750254773195550e-01
7.020364064778349400e-01
6.937292501942929901e-01
6.854892803708917404e-01
6.773779038782937745e-01
6.693323124448397055e-01
6.614116220203655194e-01
6.535558240243524164e-01
6.458219383824707061e-01
6.381508546217059541e-01
6.305994056780250823e-01
6.231089717476756551e-01
6.157353388913262560e-01
6.084215940080813789e-01
6.012213471793330655e-01
5.940800719268979346e-01
5.870496651018081158e-01
5.800762600103004374e-01
5.732116867576010355e-01
5.664025749511375496e-01
5.596995527162315076e-01
5.530510496353534533e-01
5.465057145624048207e-01
5.400139053024521907e-01
5.336229528783501541e-01
5.272837372886997054e-01
5.210435254818667206e-01
5.148537267463425549e-01
5.087602877401663504e-01
5.027164800001557854e-01
4.967664498232831627e-01
4.908650021529271656e-01
4.850553031658674796e-01
4.792925619524457392e-01
4.736198833599150615e-01
4.679930286740638934e-01
4.624536955218532253e-01
4.569595435827943919e-01
4.515506328443396611e-01
4.461858173858703203e-01
4.409044643212078896e-01
4.356657734711498753e-01
4.305089258618950976e-01
4.253937729193524864e-01
4.203581131961674489e-01
4.153635832315273335e-01
4.104465344471070476e-01
4.055695076970246005e-01
4.007684047000683036e-01
3.960060797228802665e-01
3.913180903768016528e-01
3.866680569651861910e-01
3.820902240677362394e-01
3.775498323507290865e-01
3.730798674673287962e-01
3.686462271379811750e-01
3.642816520529983393e-01
3.599523240338466379e-01
3.556905118571738744e-01
3.514632516859381162e-01
3.473015674666209973e-01
3.431739662044367978e-01
3.391103789175279881e-01
3.350797597250835258e-01
3.311119659230633561e-01
3.271762093723016296e-01
3.233017736131888475e-01
3.194587907308669150e-01
3.156754006749148966e-01
3.119229669456085596e-01
3.082287518397755499e-01
3.045644580653346645e-01
3.009573127623384470e-01
2.973792866453292549e-01
2.938569537048031366e-01
2.903632519985149263e-01
2.869237151456845991e-01
2.835122738624844541e-01
2.801537898205465060e-01
2.768224612966490028e-01
2.735431162645077241e-01
2.702902376966231368e-01
2.670879400755709066e-01
2.639117046673103428e-01
2.607846995014823088e-01
2.576831929381347974e-01
2.546298566698295684e-01
2.516011651680221117e-01
2.486197579233168087e-01
2.456624055655882988e-01
2.427509900320762859e-01
2.398632976761752023e-01
2.370203493914841419e-01
2.342005421850263114e-01
2.314245499094665093e-01
2.286709509690946218e-01
2.259603051207637048e-01
2.232715495842576836e-01
2.206245119136935884e-01
2.179990677701720003e-01
2.154142891350053213e-01
2.128505114004950183e-01
2.103265858328204618e-01
2.078230122354942366e-01
2.053584461398133554e-01
2.029138049554950196e-01
2.005070488408858265e-01
1.981199472385453686e-01
1.957698030789142563e-01
1.934387169389419903e-01
1.911438773447114436e-01
1.888675338811008630e-01
1.866266134048160108e-01
1.844038283427948399e-01
1.822154462959466037e-01
1.800449533235155275e-01
1.779080464990060728e-01
1.757884339200005974e-01
1.737017871614396913e-01
1.716319493601739798e-01
1.695942779971565118e-01
1.675731127270028986e-01
1.655832091421560737e-01
1.636095429622246855e-01
1.616664199067301688e-01
1.597389899324453411e-01
1.578415406263762033e-01
1.559593664621655440e-01
1.541064000902449826e-01
1.522684563645514133e-01
1.504589202103911449e-01
1.486641180705773613e-01
1.468970921540050656e-01
1.451443058089708360e-01
1.434187838962177053e-01
1.417071427738700595e-01
1.400220214144340392e-01
1.383505721326309112e-01
1.367049353994743144e-01
1.350726679979360745e-01
1.334656591338821419e-01
1.318715704371004882e-01
