1.490000000000000000e+05
1.472339297474678606e+05
1.454887924086060375e+05
1.437643398693465570e+05
1.420603269564731745e+05
1.403765114027629897e+05
1.387126538125438092e+05
1.370685176276570710e+05
1.354438690938256332e+05
1.338384772274198476e+05
1.322521137826175254e+05
1.306845532189532387e+05
1.291355726692525204e+05
1.276049519079446618e+05
1.260924733197539463e+05
1.245979218687591783e+05
1.231210850678213319e+05
1.216617529483732797e+05
1.202197180305676593e+05
1.187947752937787300e+05
1.173867221474526596e+05
1.159953584023058647e+05
1.146204862418621342e+05
1.132619101943284186e+05
1.119194371048037865e+05
1.105928761078176321e+05
1.092820386001937586e+05
1.079867382142348943e+05
1.067067907912272640e+05
1.054420143552570808e+05
1.041922290873383754e+05
1.029572572998473479e+05
1.017369234112597042e+05
1.005310539211874420e+05
9.933947738571171067e+04
9.816202439300704282e+04
9.699852753925655270e+04
9.584882140485050331e+04
9.471274253086812678e+04
9.359012939583791012e+04
9.248082239277333429e+04
9.138466380648099585e+04
9.030149779113684781e+04
8.923117034812997736e+04
8.817352930416715390e+04
8.712842428963788552e+04
8.609570671723567648e+04
8.507522976083272079e+04
8.406684833460507798e+04
8.307041907240454748e+04
8.208580030737668858e+04
8.111285205181861238e+04
8.015143597727661836e+04
7.920141539487928094e+04
7.826265523590386147e+04
7.733502203257293149e+04
7.641838389907882083e+04
7.551261051283220877e+04
7.461757309593449463e+04
7.373314439686824335e+04
7.285919867240537133e+04
7.199561166972976935e+04
7.114226060877161217e+04
7.029902416475134669e+04
6.946578245092983707e+04
6.864241700156434672e+04
6.782881075506522029e+04
6.702484803735278547e+04
6.623041454541147687e+04
6.544539733103883191e+04
6.466968478478719044e+04
6.390316662009575521e+04
6.314573385761014652e+04
6.239727880968908721e+04
6.165769506509347411e+04
6.092687747385750117e+04
6.020472213233904768e+04
5.949112636844717781e+04
5.878598872704498353e+04
5.808920895552468573e+04
5.740068798955505190e+04
5.672032793899644457e+04
5.604803207398349332e+04
5.538370481117255258e+04
5.472725170015219919e+04
5.407857941001487052e+04
5.343759571608719125e+04
5.280420948681858863e+04
5.217833067082432535e+04
5.155987028408252081e+04
5.094874039728296339e+04
5.034485412332574924e+04
4.974812560496829974e+04
4.915847000261818175e+04
4.857580348227175273e+04
4.800004320359465783e+04
4.743110730814414273e+04
4.686891490773089754e+04
4.631338607291879453e+04
4.576444182166104292e+04
4.522200410807061417e+04
4.468599581132464664e+04
4.415634072469943203e+04
4.363296354473590327e+04
4.311578986053336848e+04
4.260474614317018131e+04
4.209975973524980509e+04
4.160075884057077201e+04
4.110767251391921309e+04
4.062043065098185616e+04
4.013896397837954282e+04
3.966320404381796834e+04
3.919308320635554992e+04
3.872853462678668438e+04
3.826949225813883822e+04
3.781589083628248045e+04
3.736766587065186468e+04
3.692475363507657312e+04
3.648709115872095572e+04
3.605461621713138447e+04
3.562726732338951842e+04
3.520498371937039337e+04
3.478770536710430315e+04
3.437537294024057337e+04
3.396792781561334414e+04
3.356531206490653858e+04
3.316746844641801727e+04
3.277434039692125225e+04
3.238587202362349854e+04
3.200200809621930603e+04
3.162269403903792772e+04
3.124787592328443134e+04
3.087750045937216419e+04
3.051151498934636038e+04
3.014986747939754423e+04
2.979250651246364941e+04
2.943938128091987164e+04
2.909044157935487601e+04
2.874563779743324631e+04
2.840492091284189883e+04
2.806824248432043532e+04
2.773555464477400892e+04
2.740681009446786629e+04
2.708196209430251474e+04
2.676096445916861558e+04
2.644377155138070157e+04
2.613033827418842338e+04
2.582062006536529225e+04
2.551457289087283425e+04
2.521215323860012722e+04
2.491331811217748327e+04
2.461802502486347657e+04
2.432623199350444338e+04
2.403789753256535914e+04
2.375298064823193636e+04
2.347144083258217870e+04
2.319323805782720228e+04
2.291833277062031993e+04
2.264668588643357361e+04
2.237825878400093643e+04
2.211301329982717652e+04
2.185091172276225916e+04
2.159191678863959896e+04
2.133599167497808594e+04
2.108309999574686299e+04
2.083320579619217096e+04
2.058627354772553372e+04
2.034226814287232628e+04
2.010115489028065713e+04
1.986289950978893830e+04
1.962746812755220526e+04
1.939482727122607685e+04
1.916494386520787884e+04
1.893778522593414527e+04
1.871331905723370801e+04
1.849151344573623646e+04
1.827233685633480854e+04
1.805575812770246193e+04
1.784174646786185258e+04
1.763027144980741286e+04
1.742130300717941645e+04
1.721481142998932773e+04
1.701076736039567186e+04
1.680914178853030535e+04
1.660990604837380670e+04
1.641303181367993602e+04
1.621849109394836705e+04
1.602625623044514759e+04
1.583629989227033548e+04
1.564859507247226793e+04
1.546311508420774226e+04
1.527983355694800775e+04
1.509872443272942837e+04
1.491976196244873245e+04
1.474292070220214555e+04
1.456817550966792078e+04
1.439550154053176448e+04
1.422487424495448977e+04
1.405626936408183974e+04
1.388966292659537066e+04
1.372503124530437344e+04
1.356235091377815661e+04
1.340159880301825251e+04
1.324275205817008464e+04
1.308578809527348858e+04
1.293068459805199927e+04
1.277741951473995141e+04
1.262597105494729294e+04
1.247631768656155873e+04
1.232843813268654594e+04
1.218231136861730374e+04
1.203791661885086614e+04
1.189523335413264613e+04
1.175424128853759976e+04
1.161492037658611480e+04
1.147725081039404722e+04
1.134121301685654726e+04
1.120678765486528937e+04
1.107395561255854227e+04
1.094269800460419538e+04
1.081299616951443386e+04
1.068483166699280082e+04
1.055818627531233506e+04
1.043304198872493726e+04
1.030938101490142799e+04
1.018718577240183004e+04
1.006643888817596053e+04
9.947123195093139657e+03
9.829221729501685331e+03
9.712717728817018724e+03
9.597594629138458913e+03
9.483836062894273709e+03
9.371425856514624684e+03
9.260348028132075342e+03
9.150586785309400511e+03
9.042126522794307675e+03
8.934951820300757390e+03
8.829047440316589928e+03
8.724398325937137997e+03
8.620989598724538155e+03
8.518806556592346169e+03
8.417834671715350851e+03
8.318059588464007902e+03
8.219467121363497427e+03
8.122043253076879409e+03
8.025774132412191648e+03
7.930646072353171803e+03
7.836645548113279801e+03
7.743759195212876875e+03
7.651973807579066488e+03
7.561276335668189859e+03
7.471653884610479508e+03
7.383093712376742587e+03
7.295583227966772029e+03
7.209109989619231783e+03
7.123661703042729641e+03
7.039226219667929399e+03
6.955791534920279446e+03
6.873345786513315943e+03
6.791877252762118587e+03
6.711374350916797084e+03
6.631825635515720933e+03
6.553219796758241500e+03
6.475545658896775421e+03
6.398792178647840046e+03
6.322948443622032755e+03
6.248003670772533951e+03
6.173947204862044600e+03
6.100768516947883654e+03
6.028457202885022525e+03
5.957002981846918374e+03
5.886395694863796962e+03
5.816625303378345961e+03
5.747681887818464929e+03
5.679555646186961894e+03
5.612236892667956454e+03
5.545716056249812027e+03
5.479983679364358068e+03
5.415030416542303101e+03
5.350847033084502982e+03
5.287424403749064368e+03
5.224753511453938700e+03
5.162825445994933943e+03
5.101631402778914889e+03
5.041162681571990106e+03
4.981410685262602783e+03
4.922366918639193500e+03
4.864022987182434917e+03
4.806370595871727346e+03
4.749401548005859695e+03
4.693107744037650264e+03
4.637481180422399120e+03
4.582513948479976534e+03
4.528198233270418314e+03
4.474526312482851608e+03
4.421490555337560181e+03
4.369083421501093653e+03
4.317297460014218814e+03
4.266125308232587486e+03
4.215559690779942684e+03
4.165593418513771212e+03
4.116219387503161670e+03
4.067430578018830147e+03
4.019220053535080751e+03
3.971580959743610947e+03
3.924506523579009354e+03
3.877990052255779574e+03
3.832024932316826835e+03
3.786604628693160976e+03
3.741722683774801681e+03
3.697372716492657673e+03
3.653548421411304389e+03
3.610243567832510507e+03
3.567451998909396934e+03
3.525167630771073163e+03
3.483384451657694171e+03
3.442096521065709567e+03
3.401297968903303627e+03
3.360982994655799303e+03
3.321145866560980267e+03
3.281780920794181839e+03
3.242882560663026652e+03
3.204445255811739571e+03
3.166463541434847684e+03
3.128932017500246275e+03
3.091845347981437044e+03
3.055198260098887204e+03
3.018985543570376194e+03
2.983202049870213159e+03
2.947842691497271971e+03
2.912902441251650544e+03
2.878376331519953510e+03
2.844259453569014113e+03
2.810546956847997080e+03
2.777234048298775633e+03
2.744315991674483485e+03
2.711788106866130875e+03
2.679645769237229615e+03
2.647884408966266164e+03
2.616499510397011363e+03
2.585486611396494027e+03
2.554841302720604745e+03
2.524559227387216197e+03
2.494636080056718583e+03
2.465067606419931963e+03
2.435849602593228155e+03
2.406977914520864942e+03
2.378448437384373847e+03
2.350257115018963759e+03
2.322399939336836269e+03
2.294872949757340393e+03
2.267672232643871666e+03
2.240793920747459197e+03
2.214234192656942469e+03
2.187989272255661035e+03
2.162055428184586162e+03
2.136428973311818027e+03
2.111106264208371613e+03
2.086083700630165822e+03
2.061357725006173951e+03
2.036924821932611849e+03
2.012781517673152166e+03
1.988924379665037577e+03
1.965350016031061841e+03
1.942055075097332065e+03
1.919036244916738269e+03
1.896290252798092979e+03
1.873813864840821907e+03
1.851603885475200059e+03
1.829657157008014337e+03
1.807970559173622405e+03
1.786541008690330727e+03
1.765365458822032224e+03
1.744440898945031449e+03
1.723764354120016378e+03
1.703332884669099258e+03
1.683143585757865367e+03
1.663193586982380339e+03
1.643480051961093068e+03
1.624000177931574854e+03
1.604751195352032028e+03
1.585730367507559549e+03
1.566934990121036435e+03
1.548362390968657110e+03
1.530009929500004091e+03
1.511874996462629952e+03
1.493955013531089207e+03
1.476247432940360795e+03
1.458749737123629984e+03
1.441459438354348549e+03
1.424374078392541151e+03
1.407491228135313349e+03
1.390808487271489639e+03
1.374323483940354208e+03
1.358033874394425311e+03
1.341937342666244376e+03
1.326031600239098680e+03
1.310314385721649842e+03
1.294783464526428816e+03
1.279436628552129378e+03
1.264271695869674659e+03
1.249286510411998051e+03
1.234478941667512800e+03
1.219846884377201604e+03
1.205388258235306239e+03
1.191101007593555096e+03
1.176983101168910480e+03
1.163032531754766524e+03
1.149247315935578172e+03
1.135625493804865300e+03
1.122165128686570597e+03
1.108864306859710950e+03
1.095721137286290741e+03
1.082733751342451797e+03
1.069900302552797712e+03
1.057218966327875023e+03
1.044687939704758037e+03
1.032305441090720024e+03
1.020069710009932123e+03
1.007979006853170517e+03
9.960316126304841191e+02
9.842258287268040249e+02
9.725599766604412935e+02
9.610323978444455406e+02
9.496414533508032036e+02
9.383855236774189734e+02
9.272630085178662966e+02
9.162723265338604506e+02
9.054119151304385014e+02
8.946802302337940773e+02
8.840757460717512686e+02
8.735969549568352477e+02
8.632423670719228994e+02
8.530105102584261658e+02
8.428999298069853694e+02
8.329091882506528464e+02
8.230368651605174364e+02
8.132815569437577778e+02
8.036418766440840500e+02
7.941164537445522456e+02
7.847039339727094784e+02
7.754029791080515679e+02
7.662122667917593617e+02
7.571304903386979959e+02
7.481563585516366857e+02
7.392885955376714264e+02
7.305259405268301407e+02
7.218671476928200264e+02
7.133109859759046003e+02
7.048562389078749675e+02
6.965017044391038326e+02
6.882461947676418959e+02
6.800885361703433318e+02
6.720275688359905644e+02
6.640621467004016267e+02
6.561911372834881604e+02
6.484134215282424520e+02
6.407278936416410033e+02
6.331334609374256388e+02
6.256290436807530568e+02
6.182135749346812190e+02
6.108860004084818911e+02
6.036452783077452295e+02
5.964903791862640219e+02
5.894202857996701823e+02
5.824339929608124748e+02
5.755305073968426086e+02
5.687088476079949260e+02
5.619680437280464957e+02
5.553071373864237330e+02
5.487251815719481556e+02
5.422212404981930831e+02
5.357943894704418426e+02
5.294437147542178081e+02
5.231683134453758157e+02
5.169672933417296008e+02
5.108397728162068461e+02
5.047848806915022806e+02
4.988017561162192237e+02
4.928895484424766096e+02
4.870474171049714869e+02
4.812745315014706193e+02
4.755700708747183398e+02
4.699332241957488918e+02
4.643631900485768824e+02
4.588591765162570368e+02
4.534204010682922217e+02
4.480460904493801308e+02
4.427354805694742481e+02
4.374878163951506735e+02
4.323023518422599523e+02
4.271783496698552653e+02
4.221150813753744160e+02
4.171118270910641286e+02
4.121678754816355195e+02
4.072825236431289113e+02
4.024550770029792943e+02
3.976848492212645851e+02
3.929711620931275888e+02
3.883133454523513706e+02
3.837107370760790559e+02
3.791626825906612908e+02
3.746685353786232895e+02
3.702276564867312345e+02
3.658394145351479665e+02
3.615031856276694384e+02
3.572183532630209015e+02
3.529843082472069113e+02
3.488004486068979872e+02
3.446661795038475589e+02
3.405809131503197023e+02
3.365440687255212993e+02
3.325550722930228176e+02
3.286133567191611746e+02
3.247183615924068363e+02
3.208695331436865104e+02
3.170663241676533630e+02
3.133081939448868525e+02
3.095946081650171209e+02
3.059250388507581988e+02
3.022989642828450201e+02
2.987158689258570234e+02
2.951752433549227703e+02
2.916765841832914816e+02
2.882193939907659797e+02
2.848031812529814601e+02
2.814274602715223068e+02
2.780917511048699566e+02
2.747955795001660135e+02
2.715384768257865744e+02
2.683199800047133294e+02
2.651396314486976280e+02
2.619969789932017648e+02
2.588915758331135635e+02
2.558229804592207302e+02
2.527907565954412519e+02
2.497944731367951761e+02
2.468337040881117161e+02
2.439080285034651752e+02
2.410170304263260448e+02
2.381602988304231303e+02
2.353374275613051623e+02
2.325480152785973758e+02
2.297916653989401823e+02
2.270679860396055858e+02
2.243765899627805425e+02
2.217170945205129726e+02
2.190891216003082604e+02
2.164922975713706421e+02
2.139262532314838268e+02
2.113906237545188560e+02
2.088850486385655643e+02
2.064091716546776638e+02
2.039626407962271344e+02
2.015451082288572309e+02
1.991562302410295331e+02
1.967956671951561987e+02
1.944630834793133829e+02
1.921581474595248551e+02
1.898805314326125995e+02
1.876299115796050216e+02
1.854059679196991226e+02
1.832083842647670338e+02
1.810368481744013707e+02
1.788910509114953982e+02
1.767706873983477180e+02
1.746754561732882962e+02
1.726050593478176438e+02
1.705592025642557132e+02
1.685375949538910447e+02
1.665399490956269233e+02
1.645659809751168439e+02
1.626154099443857888e+02
1.606879586819289045e+02
1.587833531532828033e+02
1.569013225720659079e+02
1.550415993614788306e+02
1.532039191162620853e+02
1.513880205651038864e+02
1.495936455334947937e+02
1.478205389070213585e+02
1.460684485950955889e+02
1.443371254951135825e+02
1.426263234570403142e+02
1.409357992484128772e+02
1.392653125197587656e+02
1.376146257704249365e+02
1.359835043148109150e+02
1.343717162490025601e+02
1.327790324178008632e+02
1.312052263821426266e+02
1.296500743869060557e+02
1.281133553290988232e+02
1.265948507264223082e+02
1.250943446862096806e+02
1.236116238747311655e+02
1.221464774868630059e+02
1.206986972161171252e+02
1.192680772250247259e+02
1.178544141158716627e+02
1.164575069017800928e+02
1.150771569781338428e+02
1.137131680943415262e+02
1.123653463259349081e+02
1.110335000469972897e+02
1.097174399029199066e+02
1.084169787834802179e+02
1.071319317962392006e+02
1.058621162402550340e+02
1.046073515801072773e+02
1.033674594202295367e+02
1.021422634795457043e+02
1.009315895664079505e+02
9.973526555383065784e+01
9.855312135501857540e+01
9.738498889918442103e+01
9.623070210765406785e+01
9.509009687025410074e+01
9.396301102197922717e+01
9.284928431993715492e+01
9.174875842056574982e+01
9.066127685712073969e+01
8.958668501742985768e+01
8.852483012191140688e+01
8.747556120185254258e+01
8.643872907794560945e+01
8.541418633907818503e+01
8.440178732137562179e+01
8.340138808749087218e+01
8.241284640614058787e+01
8.143602173188295978e+01
8.047077518513638950e+01
7.951696953243397559e+01
7.857446916691225169e+01
7.764314008903178888e+01
7.672284988752558377e+01
7.581346772057366934e+01
7.491486429720043816e+01
7.402691185889327130e+01
7.314948416143816701e+01
7.228245645697120381e+01
7.142570547624229960e+01
7.057910941108985980e+01
6.974254789712256297e+01
6.891590199660640792e+01
6.809905418155521772e+01
6.729188831702086304e+01
6.649428964458196845e+01
6.570614476602791854e+01
6.492734162723697011e+01
6.415776950224464770e+01
6.339731897750156975e+01
6.264588193631729496e+01
6.190335154348930047e+01
6.116962223011354638e+01
6.044458967857507758e+01
5.972815080771707130e+01
5.902020375818510445e+01
5.832064787794545424e+01
5.762938370797470355e+01
5.694631296811957100e+01
5.627133854312372563e+01
5.560436446882058448e+01
5.494529591848944250e+01
5.429403918937387630e+01
5.365050168935938046e+01
5.301459192380902152e+01
5.238621948255553207e+01
5.176529502704706687e+01
5.115173027764565461e+01
5.054543800107587259e+01
4.994633199802279933e+01
4.935432709087647396e+01
4.876933911162190327e+01
4.819128488987232117e+01
4.762008224104476994e+01
4.705564995467539546e+01
4.649790778287326276e+01
4.594677642891141289e+01
4.540217753595271688e+01
4.486403367590961722e+01
4.433226833843562531e+01
4.380680592004781460e+01
4.328757171337770870e+01
4.277449189654991102e+01
4.226749352268632975e+01
4.176650450953524540e+01
4.127145362922293970e+01
4.078227049812676341e+01
4.029888556686863410e+01
3.982123011042673255e+01
3.934923621836460939e+01
3.888283678517592534e+01
3.842196550074396555e+01
3.796655684091389560e+01
3.751654605817696364e+01
3.707186917246489344e+01
3.663246296205379338e+01
3.619826495457547821e+01
3.576921341813556410e+01
3.534524735253661731e+01
3.492630648060571019e+01
3.451233123962441596e+01
3.410326277286041119e+01
3.369904292119976930e+01
3.329961421487805495e+01
3.290491986530967949e+01
3.251490375701386171e+01
3.212951043963662556e+01
3.174868512006707277e+01
3.137237365464723737e+01
3.100052254147411190e+01
3.063307891279324124e+01
3.026999052748217167e+01
2.991120576362300554e+01
2.955667361116325509e+01
2.920634366466340737e+01
2.886016611613059979e+01
2.851809174793708124e+01
2.818007192582289022e+01
2.784605859198120115e+01
2.751600425822575602e+01
2.718986199923917724e+01
2.686758544590152198e+01
2.654912877869771037e+01
2.623444672120305654e+01
2.592349453364630563e+01
2.561622800654863852e+01
2.531260345443828541e+01
2.501257770963945504e+01
2.471610811613513903e+01
2.442315252350242361e+01
2.413366928091981123e+01
2.384761723124544019e+01
2.356495570516573679e+01
2.328564451541320324e+01
2.300964395105273752e+01
2.273691477183588816e+01
2.246741820262180767e+01
2.220111592786444987e+01
2.193797008616499511e+01
2.167794326488904844e+01
2.142099849484743501e+01
2.116709924504016982e+01
2.091620941746257856e+01
2.066829334197322510e+01
2.042331577122246244e+01
2.018124187564107430e+01
1.994203723848855248e+01
1.970566785095980933e+01
1.947210010735003394e+01
1.924130080027675405e+01
1.901323711595868815e+01
1.878787662955040361e+01
1.856518730053234734e+01
1.834513746815544977e+01
1.812769584693986502e+01
1.791283152222692365e+01
1.770051394578380410e+01
1.749071293146045392e+01
1.728339865089782279e+01
1.707854162928706998e+01
1.687611274117891114e+01
1.667608320634283814e+01
1.647842458567523494e+01
1.628310877715608740e+01
1.609010801185353401e+01
1.589939484997592523e+01
1.571094217697052109e+01
1.552472319966852154e+01
1.534071144247570118e+01
1.515888074360834636e+01
1.497920525137367065e+01
1.480165942049431216e+01
1.462621800847654541e+01
1.445285607202137612e+01
1.428154896347825087e+01
1.411227232734080062e+01
1.394500209678412261e+01
1.377971449024298956e+01
1.361638600803087940e+01
1.345499342899881157e+01
1.329551380723390963e+01
1.313792446879708997e+01
1.298220300849939335e+01
1.282832728671657385e+01
1.267627542624129511e+01
1.252602580917291242e+01
1.237755707384384962e+01
1.223084811178254583e+01
1.208587806471235737e+01
1.194262632158605264e+01
1.180107251565546989e+01
1.166119652157577846e+01
1.152297845254432751e+01
1.138639865747313706e+01
1.125143771819504757e+01
1.111807644670295048e+01
1.098629588242173938e+01
1.085607728951260320e+01
1.072740215420928322e+01
1.060025218218580356e+01
1.047460929595562185e+01
1.035045563230136700e+01
1.022777353973518366e+01
1.010654557598913250e+01
9.986754505535341053e+00
9.868383297135581600e+00
9.751415121419768184e+00
9.635833348493381578e+00
9.521621545573035306e+00
9.408763474650179148e+00
9.297243090182456982e+00
9.187044536812447149e+00
9.078152147113438986e+00
8.970550439361927531e+00
8.864224115336449827e+00
8.759158058142665126e+00
8.655337330064053702e+00
8.552747170438168567e+00
8.451372993558038615e+00
8.351200386598465641e+00
8.252215107566893693e+00
8.154403083278504383e+00
8.057750407355452893e+00
7.962243338249685998e+00
7.867868297289249746e+00
7.774611866747751066e+00
7.682460787936699731e+00
7.591401959320475790e+00
7.501422434653562732e+00
7.412509421140012655e+00
7.324650277614578542e+00
7.237832512745475455e+00
7.152043783258429599e+00
7.067271892181784310e+00
6.983504787112396528e+00
6.900730558502107925e+00
6.818937437964456727e+00
6.738113796601592043e+00
6.658248143350890658e+00
6.579329123351230102e+00
6.501345516328619567e+00
6.424286235000960410e+00
6.348140323501731963e+00
6.272896955822294451e+00
6.198545434272783261e+00
6.125075187961117607e+00
6.052475771290104944e+00
5.980736862472340043e+00
5.909848262062710411e+00
5.839799891508308249e+00
5.770581791715467368e+00
5.702184121633908198e+00
5.634597156857539701e+00
5.567811288241913736e+00
5.501817020538043224e+00
5.436604971042424239e+00
5.372165868263052424e+00
5.308490550601264957e+00
5.245569965049151406e+00
5.183395165902511259e+00
5.121957313488958441e+00
5.061247672911157736e+00
5.001257612804943520e+00
4.941978604112160056e+00
4.883402218868057254e+00
4.825520129003007419e+00
4.768324105158529669e+00
4.711806015517237434e+00
4.655957824646720589e+00
4.600771592357104645e+00
4.546239472572159102e+00
4.492353712213798644e+00
4.439106650099750695e+00
4.386490715854389322e+00
4.334498428832383787e+00
4.283122397055147523e+00
4.232355316159890357e+00
4.182189968361123888e+00
4.132619221424473466e+00
4.083636027652667089e+00
4.035233422883499621e+00
3.987404525499754993e+00
3.940142535450780414e+00
3.893440733285705502e+00
3.847292479198102466e+00
3.801691212081979021e+00
3.756630448598960559e+00
3.712103782256496842e+00
3.668104882497065677e+00
3.624627493798099120e+00
3.581665434782616231e+00
3.539212597340386512e+00
3.497262945759514796e+00
3.455810515868314781e+00
3.414849414187363319e+00
3.374373817091570693e+00
3.334377969982250001e+00
3.294856186468933412e+00
3.255802847560917979e+00
3.217212400868389111e+00
3.179079359813012040e+00
3.141398302847886459e+00
3.104163872686714676e+00
3.067370775542170858e+00
3.031013780373234656e+00
2.995087718141475452e+00
2.959587481076145998e+00
2.924508021947990866e+00
2.889844353351661344e+00
2.855591546996611996e+00
2.821744733006458006e+00
2.788299099226578814e+00
2.755249890539959612e+00
2.722592408191133906e+00
2.690322009118139235e+00
2.658434105292393657e+00
2.626924163066400197e+00
2.595787702529155805e+00
2.565020296869252814e+00
2.534617571745481523e+00
2.504575204664911237e+00
2.474888924368345400e+00
2.445554510223055367e+00
2.416567791622719508e+00
2.387924647394449984e+00
2.359621005212895195e+00
2.331652841021240707e+00
2.304016178459095343e+00
2.276707088297153181e+00
2.249721687878557752e+00
2.223056140566892935e+00
2.196706655200690861e+00
2.170669485554454159e+00
2.144940929806018026e+00
2.119517330010252554e+00
2.094395071578994294e+00
2.069570582767144451e+00
2.045040334164858198e+00
2.020800838195755400e+00
1.996848648621060374e+00
1.973180360049659798e+00
1.949792607453925797e+00
1.926682065691298629e+00
1.903845449031536186e+00
1.881279510689567669e+00
1.858981042363886393e+00
1.836946873780396228e+00
1.815173872241701680e+00
1.793658942181703964e+00
1.772399024725493266e+00
1.751391097254455298e+00
1.730632172976530825e+00
1.710119300501571793e+00
1.689849563421730094e+00
1.669820079896807030e+00
1.650028002244547931e+00
1.630470516535761805e+00
1.611144842194254911e+00
1.592048231601504105e+00
1.573177969706015311e+00
1.554531373637315639e+00
1.536105792324504948e+00
1.517898606119359783e+00
1.499907226423873752e+00
1.482129095322228141e+00
1.464561685217121045e+00
1.447202498470407495e+00
1.430049067048002609e+00
1.413098952168976963e+00
1.396349743958842815e+00
1.379799061106919300e+00
1.363444550527773691e+00
1.347283887026671900e+00
1.331314772968996030e+00
1.315534937953579231e+00
1.299942138489913690e+00
1.284534157679175115e+00
1.269308804899050180e+00
1.254263915492275894e+00
1.239397350458883995e+00
1.224706996152088001e+00
1.210190763977778028e+00
1.195846590097576989e+00
1.181672435135407095e+00
1.167666283887555556e+00
1.153826145036155770e+00
1.140150050866074016e+00
1.126636056985150569e+00
1.113282242047757498e+00
1.100086707481633175e+00
1.087047577217946426e+00
1.074162997424578769e+00
1.061431136242549922e+00
1.048850183525574353e+00
1.036418350582705816e+00
1.024133869924030993e+00
1.011994995009376952e+00
1.000000000000000000e+00
